
   Summary motif results
   =====================
mfinder Version 1.20

MOTIF FINDER RESULTS:

	Network name: input/directed_closed.txt
	Network type: Directed
	Num of Nodes: 64 Num of Edges: 807
	Num of Nodes with edges: 64
	Maximal out degree (out-hub) : 21
	Maximal in degree (in-hub) : 56
	Roots num: 18 Leaves num: 0
	Single Edges num: 627 Mutual Edges num: 90

	Motif size searched  4
	Total number of 4-node subgraphs : 202237
	Number of random networks generated : 100
	Random networks generation method: Switches
	Num of Switches range: 100.0-200.0, Success switches Ratio:0.195+-0.00

The following motifs were found:

Criteria taken : Nreal Zscore > 2.00
                 Pval ignored (due to small number of random networks)
                 Mfactor > 1.10
                 Uniqueness >= 4


	Top Motifs List

MOTIF	NREAL	NRAND		NREAL	NREAL	UNIQ	CREAL
ID		STATS		ZSCORE	PVAL	VAL	[MILI]	

906	1067	773.3+-65.1	4.51	0.000	8	5.28

0 1 0 1 
0 0 0 1 
1 1 0 0 
0 0 0 0 

2252	6241	5673.1+-232.4	2.44	0.010	11	30.86

0 0 1 1 
0 0 1 1 
0 0 0 1 
0 0 0 0 

2254	1898	1146.4+-95.7	7.85	0.000	8	9.39

0 1 1 1 
0 0 1 1 
0 0 0 1 
0 0 0 0 

2524	919	378.8+-55.1	9.81	0.000	9	4.54

0 0 1 1 
1 0 1 1 
1 0 0 1 
0 0 0 0 

6552	4081	3017.2+-222.2	4.79	0.000	11	20.18

0 0 0 1 
1 0 0 1 
1 0 0 1 
1 0 0 0 

6616	1036	546.9+-59.8	8.18	0.000	9	5.12

0 0 0 1 
1 0 1 1 
1 0 0 1 
1 0 0 0 

6620	1153	741.7+-65.9	6.24	0.000	8	5.70

0 0 1 1 
1 0 1 1 
1 0 0 1 
1 0 0 0 



	(Total No. of non-dangling motifs : 22)



	Full list includes 31 motifs
MOTIF	NREAL	NRAND		NREAL	NREAL	UNIQ	CREAL
ID		STATS		ZSCORE	PVAL	VAL	[MILI]	

222	66	36.6+-8.8	3.33	0.000	5	0.33

0 1 1 1 
1 0 1 1 
0 0 0 0 
0 0 0 0 

344	2750	1463.7+-94.5	13.62	0.000	9	13.60

0 0 0 1 
1 0 1 0 
1 0 0 0 
0 0 0 0 

394	1488	1329.8+-73.8	2.14	0.010	9	7.36

0 1 0 1 
0 0 0 1 
1 0 0 0 
0 0 0 0 

410	1238	1035.4+-86.9	2.33	0.020	9	6.12

0 1 0 1 
1 0 0 1 
1 0 0 0 
0 0 0 0 

856	388	114.4+-15.3	17.85	0.000	6	1.92

0 0 0 1 
1 0 1 0 
1 1 0 0 
0 0 0 0 

906	1067	773.3+-65.1	4.51	0.000	8	5.28

0 1 0 1 
0 0 0 1 
1 1 0 0 
0 0 0 0 

922	562	247.7+-35.9	8.76	0.000	7	2.78

0 1 0 1 
1 0 0 1 
1 1 0 0 
0 0 0 0 

990	49	24.6+-7.2	3.38	0.000	4	0.24

0 1 1 1 
1 0 1 1 
1 1 0 0 
0 0 0 0 

2202	2319	1653.3+-134.0	4.97	0.000	9	11.47

0 1 0 1 
1 0 0 1 
0 0 0 1 
0 0 0 0 

2252	6241	5673.1+-232.4	2.44	0.010	11	30.86

0 0 1 1 
0 0 1 1 
0 0 0 1 
0 0 0 0 

2254	1898	1146.4+-95.7	7.85	0.000	8	9.39

0 1 1 1 
0 0 1 1 
0 0 0 1 
0 0 0 0 

2270	228	83.1+-15.1	9.59	0.000	5	1.13

0 1 1 1 
1 0 1 1 
0 0 0 1 
0 0 0 0 

2524	919	378.8+-55.1	9.81	0.000	9	4.54

0 0 1 1 
1 0 1 1 
1 0 0 1 
0 0 0 0 

2526	230	99.3+-20.3	6.43	0.000	6	1.14

0 1 1 1 
1 0 1 1 
1 0 0 1 
0 0 0 0 

3038	59	11.9+-5.2	8.99	0.000	4	0.29

0 1 1 1 
1 0 1 1 
1 1 0 1 
0 0 0 0 

4424	2401	2073.6+-99.9	3.28	0.000	9	11.87

0 0 0 1 
0 0 1 0 
1 0 0 0 
1 0 0 0 

4678	677	397.5+-47.7	5.86	0.000	8	3.35

0 1 1 0 
0 0 1 0 
0 1 0 0 
1 0 0 0 

4950	590	436.6+-56.5	2.71	0.000	6	2.92

0 1 1 0 
1 0 1 0 
1 1 0 0 
1 0 0 0 

4952	336	203.1+-24.1	5.52	0.000	6	1.66

0 0 0 1 
1 0 1 0 
1 1 0 0 
1 0 0 0 

4998	138	86.1+-14.0	3.70	0.000	5	0.68

0 1 1 0 
0 0 0 1 
1 1 0 0 
1 0 0 0 

5014	171	122.8+-18.3	2.64	0.010	4	0.85

0 1 1 0 
1 0 0 1 
1 1 0 0 
1 0 0 0 

5016	1140	962.2+-68.8	2.59	0.000	10	5.64

0 0 0 1 
1 0 0 1 
1 1 0 0 
1 0 0 0 

6552	4081	3017.2+-222.2	4.79	0.000	11	20.18

0 0 0 1 
1 0 0 1 
1 0 0 1 
1 0 0 0 

6616	1036	546.9+-59.8	8.18	0.000	9	5.12

0 0 0 1 
1 0 1 1 
1 0 0 1 
1 0 0 0 

6620	1153	741.7+-65.9	6.24	0.000	8	5.70

0 0 1 1 
1 0 1 1 
1 0 0 1 
1 0 0 0 

6622	141	102.8+-16.2	2.36	0.020	6	0.70

0 1 1 1 
1 0 1 1 
1 0 0 1 
1 0 0 0 

6854	42	15.1+-5.9	4.53	0.010	4	0.21

0 1 1 0 
0 0 1 1 
0 1 0 1 
1 0 0 0 

7128	119	38.7+-9.5	8.47	0.000	5	0.59

0 0 0 1 
1 0 1 1 
1 1 0 1 
1 0 0 0 

7130	142	86.1+-11.3	4.94	0.000	5	0.70

0 1 0 1 
1 0 1 1 
1 1 0 1 
1 0 0 0 

7134	81	33.0+-7.4	6.52	0.000	5	0.40

0 1 1 1 
1 0 1 1 
1 1 0 1 
1 0 0 0 

15326	48	27.6+-6.5	3.15	0.000	4	0.24

0 1 1 1 
1 0 1 1 
1 1 0 1 
1 1 0 0 




Full list of subgraphs size 4 ids:

	( Total num of different subgraphs size 4 is : 199 )

MOTIF	NREAL	NRAND		NREAL	NREAL	CREAL	UNIQ
ID		STATS		ZSCORE	PVAL	[MILI]	
14	202	681.9+-68.1	-7.04	1.000	1.00	5

28	685	1340.3+-88.5	-7.40	1.000	3.39	8

30	125	264.8+-33.3	-4.20	1.000	0.62	6

74	2675	3252.9+-134.1	-4.31	1.000	13.23	10

76	12324	17988.9+-540.9	-10.47	1.000	60.94	11

78	1401	2044.3+-88.0	-7.31	1.000	6.93	10

90	145	246.2+-31.1	-3.26	1.000	0.72	4

92	1184	1656.1+-101.1	-4.67	1.000	5.85	10

94	299	269.9+-25.9	1.12	0.130	1.48	6

204	1293	2680.6+-317.4	-4.37	1.000	6.39	11

206	553	531.1+-61.4	0.36	0.340	2.73	8

222	66	36.6+-8.8	3.33	0.000	0.33	5

280	6024	6628.3+-396.5	-1.52	0.960	29.79	9

282	849	1950.1+-141.3	-7.79	1.000	4.20	8

286	43	165.8+-20.7	-5.93	1.000	0.21	3

328	2673	2622.6+-162.5	0.31	0.400	13.22	9

330	81	227.2+-38.7	-3.78	1.000	0.40	5

332	1372	2194.2+-148.2	-5.55	1.000	6.78	8

334	95	221.6+-30.7	-4.13	1.000	0.47	4

344	2750	1463.7+-94.5	13.62	0.000	13.60	9

346	119	179.9+-23.1	-2.63	0.990	0.59	6

348	1064	957.9+-86.4	1.23	0.120	5.26	8

350	149	138.7+-20.0	0.52	0.310	0.74	6

390	557	482.5+-45.5	1.64	0.050	2.75	6

392	14606	14616.8+-458.1	-0.02	0.520	72.22	10

394	1488	1329.8+-73.8	2.14	0.010	7.36	9

396	2458	2813.8+-161.2	-2.21	0.980	12.15	9

398	201	279.5+-33.0	-2.38	1.000	0.99	5

404	1738	2544.8+-125.6	-6.42	1.000	8.59	8

406	133	337.9+-34.3	-5.97	1.000	0.66	4

408	7203	8042.1+-251.8	-3.33	1.000	35.62	12

410	1238	1035.4+-86.9	2.33	0.020	6.12	9

412	616	1227.5+-101.4	-6.03	1.000	3.05	7

414	88	184.8+-20.0	-4.83	1.000	0.44	4

454	67	197.3+-26.7	-4.88	1.000	0.33	4

456	694	1623.8+-112.3	-8.28	1.000	3.43	8

458	51	121.1+-18.7	-3.75	1.000	0.25	5

460	596	1344.5+-142.1	-5.27	1.000	2.95	8

462	74	117.0+-18.8	-2.29	0.990	0.37	4

468	496	612.8+-49.1	-2.38	1.000	2.45	10

470	95	148.1+-19.7	-2.70	1.000	0.47	4

472	735	964.1+-55.7	-4.11	1.000	3.63	9

474	85	106.4+-15.2	-1.40	0.910	0.42	5

476	493	622.6+-74.0	-1.75	0.970	2.44	9

478	89	81.9+-14.7	0.48	0.300	0.44	4

856	388	114.4+-15.3	17.85	0.000	1.92	6

858	141	129.6+-17.2	0.67	0.250	0.70	6

862	53	42.5+-12.4	0.85	0.210	0.26	5

904	562	813.9+-64.4	-3.91	1.000	2.78	7

906	1067	773.3+-65.1	4.51	0.000	5.28	8

908	106	254.4+-32.5	-4.57	1.000	0.52	5

910	157	133.1+-15.6	1.53	0.080	0.78	6

922	562	247.7+-35.9	8.76	0.000	2.78	7

924	40	97.8+-14.6	-3.96	1.000	0.20	5

926	92	73.7+-11.4	1.61	0.060	0.45	6

972	19	92.3+-16.9	-4.35	1.000	0.09	4

974	51	76.4+-15.8	-1.60	1.000	0.25	5

990	49	24.6+-7.2	3.38	0.000	0.24	4

2184	28117	31163.0+-780.8	-3.90	1.000	139.03	13

2186	21190	20507.3+-413.5	1.65	0.050	104.78	13

2190	966	1193.8+-64.7	-3.52	1.000	4.78	8

2202	2319	1653.3+-134.0	4.97	0.000	11.47	9

2204	1546	1888.7+-80.9	-4.23	1.000	7.64	9

2206	306	321.4+-27.6	-0.56	0.750	1.51	7

2252	6241	5673.1+-232.4	2.44	0.010	30.86	11

2254	1898	1146.4+-95.7	7.85	0.000	9.39	8

2270	228	83.1+-15.1	9.59	0.000	1.13	5

2458	1661	1514.9+-127.0	1.15	0.130	8.21	9

2462	84	117.0+-22.9	-1.44	0.930	0.42	3

2506	32	46.5+-9.0	-1.61	0.940	0.16	4

2510	132	129.3+-16.8	0.16	0.440	0.65	5

2524	919	378.8+-55.1	9.81	0.000	4.54	9

2526	230	99.3+-20.3	6.43	0.000	1.14	6

3038	59	11.9+-5.2	8.99	0.000	0.29	4

4370	8797	11905.2+-498.6	-6.23	1.000	43.50	10

4374	930	1678.6+-130.6	-5.73	1.000	4.60	5

4382	59	92.6+-16.5	-2.03	0.980	0.29	2

4418	1128	1158.2+-142.4	-0.21	0.560	5.58	7

4420	2691	4379.3+-204.0	-8.28	1.000	13.31	9

4422	681	768.2+-62.4	-1.40	0.920	3.37	6

4424	2401	2073.6+-99.9	3.28	0.000	11.87	9

4426	96	168.6+-24.3	-2.99	1.000	0.47	5

4428	887	1480.5+-102.6	-5.78	1.000	4.39	5

4430	55	138.4+-17.0	-4.90	1.000	0.27	4

4434	1576	2183.8+-179.0	-3.40	1.000	7.79	6

4436	11746	11029.0+-288.3	2.49	0.000	58.08	9

4438	1434	1458.4+-100.3	-0.24	0.610	7.09	7

4440	2789	2540.3+-168.9	1.47	0.100	13.79	10

4442	205	300.0+-37.0	-2.57	1.000	1.01	5

4444	1548	1654.5+-113.9	-0.93	0.820	7.65	6

4446	207	258.1+-24.9	-2.05	0.990	1.02	5

4546	26	52.9+-13.2	-2.04	0.990	0.13	5

4548	493	971.4+-68.5	-6.98	1.000	2.44	7

4550	39	67.7+-14.0	-2.05	1.000	0.19	5

4556	128	355.5+-43.5	-5.23	1.000	0.63	6

4558	15	29.8+-7.7	-1.93	1.000	0.07	3

4562	30	109.7+-20.6	-3.88	1.000	0.15	4

4564	981	1233.1+-51.6	-4.89	1.000	4.85	7

4566	67	139.4+-17.0	-4.27	1.000	0.33	4

4572	343	419.2+-45.3	-1.68	0.970	1.70	5

4574	60	60.9+-9.5	-0.09	0.510	0.30	4

4678	677	397.5+-47.7	5.86	0.000	3.35	8

4682	383	386.0+-26.0	-0.12	0.560	1.89	7

4686	89	82.6+-13.9	0.46	0.350	0.44	6

4692	720	1009.2+-86.7	-3.34	1.000	3.56	6

4694	604	553.9+-49.0	1.02	0.190	2.99	7

4698	53	115.3+-19.6	-3.18	1.000	0.26	3

4700	55	148.6+-17.6	-5.32	1.000	0.27	5

4702	48	94.2+-13.4	-3.46	1.000	0.24	4

4740	8	56.2+-13.4	-3.61	1.000	0.04	2

4742	108	106.3+-18.1	0.09	0.460	0.53	4

4748	73	190.3+-26.7	-4.39	1.000	0.36	3

4750	41	106.0+-15.3	-4.25	1.000	0.20	2

4758	42	34.3+-8.0	0.96	0.180	0.21	3

4764	72	68.8+-15.0	0.21	0.420	0.36	4

4766	54	55.7+-9.9	-0.17	0.560	0.27	4

4812	41	82.0+-14.3	-2.86	1.000	0.20	3

4814	67	66.8+-11.5	0.01	0.520	0.33	5

4830	12	20.3+-5.6	-1.48	0.950	0.06	4

4946	1604	1525.5+-101.0	0.78	0.230	7.93	7

4950	590	436.6+-56.5	2.71	0.000	2.92	6

4952	336	203.1+-24.1	5.52	0.000	1.66	6

4954	161	209.0+-20.9	-2.29	1.000	0.80	4

4958	81	71.9+-10.7	0.85	0.240	0.40	3

4994	608	671.8+-80.4	-0.79	0.790	3.01	6

4998	138	86.1+-14.0	3.70	0.000	0.68	5

5002	253	437.5+-46.4	-3.98	1.000	1.25	6

5004	44	137.3+-17.0	-5.49	1.000	0.22	4

5006	34	68.4+-12.4	-2.78	1.000	0.17	4

5010	862	947.9+-73.5	-1.17	0.930	4.26	6

5012	102	193.9+-22.8	-4.03	1.000	0.50	4

5014	171	122.8+-18.3	2.64	0.010	0.85	4

5016	1140	962.2+-68.8	2.59	0.000	5.64	10

5018	789	680.2+-62.5	1.74	0.040	3.90	6

5020	78	118.6+-17.1	-2.37	0.990	0.39	5

5022	91	109.4+-13.1	-1.40	0.950	0.45	5

5058	35	87.0+-15.2	-3.43	1.000	0.17	2

5062	38	47.6+-9.4	-1.02	0.840	0.19	4

5064	26	77.8+-12.9	-4.00	1.000	0.13	5

5066	9	55.5+-10.6	-4.39	1.000	0.04	2

5068	39	95.1+-18.0	-3.12	1.000	0.19	2

5070	27	38.4+-8.0	-1.42	0.920	0.13	3

5074	91	140.1+-17.9	-2.75	1.000	0.45	4

5076	85	145.1+-19.4	-3.10	0.990	0.42	5

5078	69	82.4+-16.6	-0.80	0.840	0.34	4

5080	187	167.7+-20.1	0.96	0.180	0.92	6

5082	49	92.7+-13.9	-3.14	1.000	0.24	5

5084	76	88.0+-13.5	-0.89	0.830	0.38	4

5086	66	69.5+-9.9	-0.35	0.670	0.33	4

6342	61	52.5+-13.1	0.65	0.270	0.30	4

6348	762	1225.3+-130.1	-3.56	1.000	3.77	7

6350	79	105.4+-21.3	-1.24	0.900	0.39	4

6356	65	138.7+-21.7	-3.40	1.000	0.32	4

6358	29	46.3+-10.5	-1.65	0.980	0.14	3

6364	393	551.2+-58.6	-2.70	0.990	1.94	7

6366	84	71.3+-10.7	1.19	0.120	0.42	5

6550	35	72.9+-17.2	-2.20	1.000	0.17	3

6552	4081	3017.2+-222.2	4.79	0.000	20.18	11

6554	1472	1558.3+-88.7	-0.97	0.850	7.28	8

6558	105	117.1+-12.8	-0.94	0.850	0.52	3

6598	32	33.0+-7.9	-0.13	0.570	0.16	4

6602	82	66.8+-11.2	1.36	0.130	0.41	4

6604	551	669.1+-53.0	-2.23	0.990	2.72	8

6606	66	54.6+-10.2	1.12	0.150	0.33	4

6614	33	63.5+-13.8	-2.21	1.000	0.16	4

6616	1036	546.9+-59.8	8.18	0.000	5.12	9

6618	101	118.7+-13.7	-1.29	0.890	0.50	5

6620	1153	741.7+-65.9	6.24	0.000	5.70	8

6622	141	102.8+-16.2	2.36	0.020	0.70	6

6854	42	15.1+-5.9	4.53	0.010	0.21	4

6858	128	158.7+-26.4	-1.16	0.930	0.63	4

6862	55	34.1+-9.5	2.20	0.040	0.27	3

6870	38	25.7+-6.3	1.95	0.020	0.19	3

6874	89	99.7+-14.0	-0.76	0.760	0.44	4

6876	46	59.6+-10.1	-1.35	0.890	0.23	3

6878	57	39.2+-7.3	2.43	0.010	0.28	3

7126	11	20.1+-6.5	-1.40	0.950	0.05	3

7128	119	38.7+-9.5	8.47	0.000	0.59	5

7130	142	86.1+-11.3	4.94	0.000	0.70	5

7134	81	33.0+-7.4	6.52	0.000	0.40	5

13142	485	432.1+-53.0	1.00	0.180	2.40	4

13146	93	89.1+-13.6	0.28	0.370	0.46	3

13148	42	76.0+-11.9	-2.84	1.000	0.21	4

13150	95	116.1+-12.4	-1.70	0.970	0.47	4

13260	8	6.6+-3.0	0.46	0.390	0.04	2

13262	20	23.4+-5.6	-0.61	0.750	0.10	3

13278	10	17.1+-4.6	-1.55	0.970	0.05	3

14678	50	44.8+-7.8	0.66	0.260	0.25	4

14686	6	14.7+-4.5	-1.92	1.000	0.03	1

14790	2	5.0+-2.6	-1.17	0.960	0.01	2

14798	26	31.9+-7.4	-0.80	0.790	0.13	3

14810	42	32.9+-8.1	1.12	0.150	0.21	4

14812	84	71.3+-10.1	1.25	0.160	0.42	6

14814	32	50.0+-8.9	-2.01	1.000	0.16	3

15258	301	128.3+-19.7	8.79	0.000	1.49	3

15262	71	41.2+-7.8	3.80	0.000	0.35	3

15310	22	18.6+-5.4	0.62	0.250	0.11	2

15326	48	27.6+-6.5	3.15	0.000	0.24	4

31710	6	2.1+-1.5	2.59	0.030	0.03	2



 (Application total runtime was:  19.97 minutes).

 (Real network processing runtime was:   11.0 seconds.)

 (Single Random network processing runtime was:   11.9 seconds.)
