
   Summary motif results
   =====================
mfinder Version 1.20

MOTIF FINDER RESULTS:

	Network name: input/directed_open.txt
	Network type: Directed
	Num of Nodes: 64 Num of Edges: 807
	Num of Nodes with edges: 64
	Maximal out degree (out-hub) : 21
	Maximal in degree (in-hub) : 62
	Roots num: 19 Leaves num: 1
	Single Edges num: 665 Mutual Edges num: 71

	Motif size searched  4
	Total number of 4-node subgraphs : 225653
	Number of random networks generated : 100
	Random networks generation method: Switches
	Num of Switches range: 100.0-200.0, Success switches Ratio:0.143+-0.00

The following motifs were found:

Criteria taken : Nreal Zscore > 2.00
                 Pval ignored (due to small number of random networks)
                 Mfactor > 1.10
                 Uniqueness >= 4


	Top Motifs List

MOTIF	NREAL	NRAND		NREAL	NREAL	UNIQ	CREAL
ID		STATS		ZSCORE	PVAL	VAL	[MILI]	

2254	3897	2850.6+-128.1	8.17	0.000	8	17.27

0 1 1 1 
0 0 1 1 
0 0 0 1 
0 0 0 0 

2524	1827	1253.3+-74.9	7.66	0.000	6	8.10

0 0 1 1 
1 0 1 1 
1 0 0 1 
0 0 0 0 

6552	4373	3936.1+-161.2	2.71	0.000	8	19.38

0 0 0 1 
1 0 0 1 
1 0 0 1 
1 0 0 0 

6616	1054	854.7+-48.8	4.09	0.000	9	4.67

0 0 0 1 
1 0 1 1 
1 0 0 1 
1 0 0 0 

6620	951	729.2+-50.8	4.37	0.000	6	4.21

0 0 1 1 
1 0 1 1 
1 0 0 1 
1 0 0 0 

13142	546	346.2+-59.2	3.37	0.000	4	2.42

0 1 1 0 
1 0 1 0 
1 1 0 0 
1 1 0 0 

15258	363	133.7+-24.6	9.32	0.000	4	1.61

0 1 0 1 
1 0 0 1 
1 1 0 1 
1 1 0 0 



	(Total No. of non-dangling motifs : 14)



	Full list includes 24 motifs
MOTIF	NREAL	NRAND		NREAL	NREAL	UNIQ	CREAL
ID		STATS		ZSCORE	PVAL	VAL	[MILI]	

344	1261	671.5+-63.8	9.23	0.000	8	5.59

0 0 0 1 
1 0 1 0 
1 0 0 0 
0 0 0 0 

348	779	609.3+-70.7	2.40	0.020	7	3.45

0 0 1 1 
1 0 1 0 
1 0 0 0 
0 0 0 0 

856	72	32.0+-8.5	4.68	0.000	4	0.32

0 0 0 1 
1 0 1 0 
1 1 0 0 
0 0 0 0 

922	165	108.4+-25.4	2.23	0.020	6	0.73

0 1 0 1 
1 0 0 1 
1 1 0 0 
0 0 0 0 

2202	3315	2543.8+-124.2	6.21	0.000	8	14.69

0 1 0 1 
1 0 0 1 
0 0 0 1 
0 0 0 0 

2254	3897	2850.6+-128.1	8.17	0.000	8	17.27

0 1 1 1 
0 0 1 1 
0 0 0 1 
0 0 0 0 

2270	257	179.6+-20.3	3.81	0.000	5	1.14

0 1 1 1 
1 0 1 1 
0 0 0 1 
0 0 0 0 

2524	1827	1253.3+-74.9	7.66	0.000	6	8.10

0 0 1 1 
1 0 1 1 
1 0 0 1 
0 0 0 0 

2526	377	281.2+-25.3	3.78	0.000	4	1.67

0 1 1 1 
1 0 1 1 
1 0 0 1 
0 0 0 0 

3038	123	49.3+-9.6	7.70	0.000	4	0.55

0 1 1 1 
1 0 1 1 
1 1 0 1 
0 0 0 0 

4438	1312	953.3+-94.1	3.81	0.000	6	5.81

0 1 1 0 
1 0 1 0 
1 0 0 0 
1 0 0 0 

4440	3439	2578.1+-132.2	6.51	0.000	8	15.24

0 0 0 1 
1 0 1 0 
1 0 0 0 
1 0 0 0 

4678	480	264.6+-34.9	6.17	0.000	4	2.13

0 1 1 0 
0 0 1 0 
0 1 0 0 
1 0 0 0 

4682	244	159.6+-14.3	5.89	0.000	4	1.08

0 1 0 1 
0 0 1 0 
0 1 0 0 
1 0 0 0 

4950	860	346.5+-48.9	10.50	0.000	4	3.81

0 1 1 0 
1 0 1 0 
1 1 0 0 
1 0 0 0 

4952	260	167.6+-15.9	5.81	0.000	4	1.15

0 0 0 1 
1 0 1 0 
1 1 0 0 
1 0 0 0 

6552	4373	3936.1+-161.2	2.71	0.000	8	19.38

0 0 0 1 
1 0 0 1 
1 0 0 1 
1 0 0 0 

6616	1054	854.7+-48.8	4.09	0.000	9	4.67

0 0 0 1 
1 0 1 1 
1 0 0 1 
1 0 0 0 

6620	951	729.2+-50.8	4.37	0.000	6	4.21

0 0 1 1 
1 0 1 1 
1 0 0 1 
1 0 0 0 

6622	100	54.9+-11.1	4.06	0.010	4	0.44

0 1 1 1 
1 0 1 1 
1 0 0 1 
1 0 0 0 

7128	85	55.0+-8.4	3.58	0.000	4	0.38

0 0 0 1 
1 0 1 1 
1 1 0 1 
1 0 0 0 

13142	546	346.2+-59.2	3.37	0.000	4	2.42

0 1 1 0 
1 0 1 0 
1 1 0 0 
1 1 0 0 

14812	60	40.8+-8.6	2.25	0.010	4	0.27

0 0 1 1 
1 0 1 1 
1 0 0 1 
1 1 0 0 

15258	363	133.7+-24.6	9.32	0.000	4	1.61

0 1 0 1 
1 0 0 1 
1 1 0 1 
1 1 0 0 




Full list of subgraphs size 4 ids:

	( Total num of different subgraphs size 4 is : 199 )

MOTIF	NREAL	NRAND		NREAL	NREAL	CREAL	UNIQ
ID		STATS		ZSCORE	PVAL	[MILI]	
14	355	959.1+-73.9	-8.18	1.000	1.57	6

28	421	986.5+-77.7	-7.28	1.000	1.87	8

30	73	159.2+-21.7	-3.97	1.000	0.32	5

74	2302	2729.6+-119.9	-3.57	1.000	10.20	7

76	13575	18746.3+-468.3	-11.04	1.000	60.16	11

78	1506	2160.8+-97.0	-6.75	1.000	6.67	9

90	75	126.7+-21.8	-2.37	1.000	0.33	4

92	1239	1337.6+-75.7	-1.30	0.870	5.49	9

94	138	153.7+-23.9	-0.66	0.750	0.61	6

204	1864	3102.3+-311.8	-3.97	1.000	8.26	10

206	671	544.2+-96.5	1.31	0.090	2.97	9

222	33	22.5+-10.8	0.97	0.100	0.15	4

280	2901	3560.5+-232.1	-2.84	1.000	12.86	9

282	487	993.5+-95.6	-5.30	1.000	2.16	6

286	17	80.4+-16.1	-3.94	1.000	0.08	4

328	1457	1461.8+-125.0	-0.04	0.510	6.46	6

330	52	101.6+-29.9	-1.66	0.990	0.23	3

332	624	1328.6+-118.1	-5.97	1.000	2.77	6

334	44	105.2+-20.5	-2.98	1.000	0.19	4

344	1261	671.5+-63.8	9.23	0.000	5.59	8

346	78	59.7+-13.2	1.38	0.070	0.35	4

348	779	609.3+-70.7	2.40	0.020	3.45	7

350	56	64.2+-12.0	-0.69	0.720	0.25	4

390	260	210.9+-30.0	1.64	0.040	1.15	4

392	9788	10373.3+-361.3	-1.62	0.960	43.38	10

394	660	716.4+-54.8	-1.03	0.830	2.92	6

396	1472	1464.9+-124.9	0.06	0.450	6.52	6

398	123	122.0+-21.0	0.05	0.480	0.55	5

404	1782	2115.8+-126.3	-2.64	1.000	7.90	7

406	78	208.5+-28.3	-4.61	1.000	0.35	2

408	4164	4867.6+-211.5	-3.33	1.000	18.45	10

410	528	460.4+-62.9	1.07	0.160	2.34	6

412	355	729.9+-76.1	-4.93	1.000	1.57	6

414	16	89.0+-16.9	-4.32	1.000	0.07	4

454	72	92.8+-19.0	-1.10	0.870	0.32	4

456	462	1025.2+-86.7	-6.49	1.000	2.05	8

458	19	52.3+-16.7	-1.99	0.960	0.08	4

460	417	914.8+-115.2	-4.32	1.000	1.85	5

462	40	51.9+-13.0	-0.92	0.790	0.18	3

468	711	796.2+-72.4	-1.18	0.890	3.15	7

470	90	105.8+-16.7	-0.94	0.860	0.40	4

472	523	589.8+-55.2	-1.21	0.870	2.32	6

474	19	39.0+-10.2	-1.95	1.000	0.08	4

476	534	536.0+-79.2	-0.03	0.480	2.37	8

478	48	43.1+-11.7	0.42	0.320	0.21	3

856	72	32.0+-8.5	4.68	0.000	0.32	4

858	78	59.9+-13.9	1.31	0.090	0.35	4

862	58	32.0+-9.5	2.75	0.020	0.26	3

904	377	508.0+-57.7	-2.27	1.000	1.67	7

906	436	354.4+-47.0	1.74	0.060	1.93	8

908	38	100.1+-22.1	-2.81	1.000	0.17	3

910	50	45.2+-11.3	0.42	0.380	0.22	4

922	165	108.4+-25.4	2.23	0.020	0.73	6

924	16	35.2+-8.5	-2.25	1.000	0.07	3

926	21	28.2+-7.7	-0.93	0.850	0.09	4

972	8	48.7+-16.3	-2.50	1.000	0.04	2

974	29	39.0+-12.3	-0.81	0.770	0.13	3

990	26	15.1+-6.1	1.78	0.050	0.12	2

2184	48293	51984.6+-809.0	-4.56	1.000	214.01	13

2186	40099	37926.8+-488.8	4.44	0.000	177.70	12

2190	2495	2913.4+-93.3	-4.49	1.000	11.06	7

2202	3315	2543.8+-124.2	6.21	0.000	14.69	8

2204	2619	3143.5+-88.6	-5.92	1.000	11.61	9

2206	428	499.8+-32.5	-2.21	1.000	1.90	6

2252	12923	12503.4+-240.2	1.75	0.010	57.27	11

2254	3897	2850.6+-128.1	8.17	0.000	17.27	8

2270	257	179.6+-20.3	3.81	0.000	1.14	5

2458	3047	3337.5+-132.6	-2.19	0.980	13.50	6

2462	131	296.1+-28.3	-5.84	1.000	0.58	4

2506	32	56.9+-15.3	-1.62	0.970	0.14	4

2510	183	226.3+-23.9	-1.81	0.940	0.81	4

2524	1827	1253.3+-74.9	7.66	0.000	8.10	6

2526	377	281.2+-25.3	3.78	0.000	1.67	4

3038	123	49.3+-9.6	7.70	0.000	0.55	4

4370	9507	11138.4+-290.3	-5.62	1.000	42.13	8

4374	624	1466.8+-103.8	-8.12	1.000	2.77	5

4382	11	78.6+-14.5	-4.66	1.000	0.05	2

4418	94	370.0+-99.3	-2.78	1.000	0.42	3

4420	2731	3722.7+-199.4	-4.97	1.000	12.10	8

4422	210	320.9+-46.8	-2.37	1.000	0.93	5

4424	1138	1164.3+-75.9	-0.35	0.690	5.04	7

4426	8	51.9+-15.2	-2.88	1.000	0.04	3

4428	203	1055.3+-76.7	-11.11	1.000	0.90	2

4430	5	51.2+-11.2	-4.12	1.000	0.02	2

4434	1085	1536.2+-117.8	-3.83	1.000	4.81	5

4436	11358	11018.9+-237.4	1.43	0.070	50.33	7

4438	1312	953.3+-94.1	3.81	0.000	5.81	6

4440	3439	2578.1+-132.2	6.51	0.000	15.24	8

4442	99	215.1+-30.6	-3.79	1.000	0.44	4

4444	528	1527.4+-102.2	-9.78	1.000	2.34	5

4446	59	163.3+-18.0	-5.78	1.000	0.26	2

4546	3	13.2+-8.9	-1.15	0.970	0.01	1

4548	363	731.5+-54.8	-6.72	1.000	1.61	7

4550	3	22.6+-9.1	-2.16	1.000	0.01	2

4556	65	306.2+-40.2	-6.00	1.000	0.29	3

4558	2	10.4+-5.4	-1.55	1.000	0.01	1

4562	31	71.7+-13.3	-3.07	1.000	0.14	3

4564	1111	1457.1+-58.7	-5.89	1.000	4.92	7

4566	62	88.5+-15.1	-1.75	0.980	0.27	5

4572	216	466.4+-54.2	-4.62	1.000	0.96	5

4574	32	34.9+-8.5	-0.34	0.610	0.14	2

4678	480	264.6+-34.9	6.17	0.000	2.13	4

4682	244	159.6+-14.3	5.89	0.000	1.08	4

4686	85	41.5+-9.7	4.47	0.000	0.38	3

4692	229	316.4+-49.4	-1.77	0.930	1.01	5

4694	270	299.1+-36.7	-0.79	0.780	1.20	5

4698	15	78.4+-16.7	-3.80	1.000	0.07	2

4700	23	45.5+-9.3	-2.41	1.000	0.10	3

4702	10	49.9+-9.2	-4.31	1.000	0.04	1

4740	12	17.7+-7.1	-0.80	0.790	0.05	1

4742	12	23.0+-8.7	-1.26	0.940	0.05	2

4748	15	71.4+-12.8	-4.40	1.000	0.07	2

4750	16	24.4+-6.5	-1.28	0.890	0.07	4

4758	3	6.8+-3.8	-1.00	0.930	0.01	1

4764	10	22.3+-7.8	-1.57	0.990	0.04	2

4766	8	13.5+-5.0	-1.10	0.880	0.04	1

4812	16	29.6+-7.5	-1.80	0.980	0.07	2

4814	21	22.0+-6.5	-0.15	0.570	0.09	3

4830	8	7.6+-3.1	0.14	0.430	0.04	1

4946	972	1111.7+-81.6	-1.71	0.960	4.31	6

4950	860	346.5+-48.9	10.50	0.000	3.81	4

4952	260	167.6+-15.9	5.81	0.000	1.15	4

4954	89	162.6+-17.7	-4.15	1.000	0.39	4

4958	13	61.2+-10.6	-4.56	1.000	0.06	3

4994	70	167.1+-44.3	-2.19	1.000	0.31	4

4998	17	14.7+-6.9	0.33	0.330	0.08	2

5002	55	137.6+-26.2	-3.16	1.000	0.24	6

5004	1	68.7+-12.5	-5.43	1.000	0.00	1

5006	3	15.3+-5.5	-2.24	1.000	0.01	2

5010	496	557.2+-58.9	-1.04	0.830	2.20	5

5012	57	120.9+-18.1	-3.52	1.000	0.25	4

5014	68	48.2+-10.7	1.85	0.060	0.30	4

5016	952	826.6+-74.0	1.69	0.040	4.22	7

5018	377	366.1+-35.8	0.31	0.370	1.67	5

5020	11	75.5+-14.3	-4.50	1.000	0.05	2

5022	21	39.8+-8.2	-2.30	0.990	0.09	3

5058	7	14.0+-5.6	-1.25	0.930	0.03	2

5062	7	13.6+-6.3	-1.03	0.920	0.03	1

5064	17	33.8+-8.2	-2.06	0.990	0.08	2

5066	1	12.6+-5.2	-2.24	0.990	0.00	1

5068	3	59.0+-13.1	-4.26	1.000	0.01	1

5070	1	12.2+-4.0	-2.78	1.000	0.00	1

5074	64	76.4+-10.9	-1.14	0.900	0.28	4

5076	44	99.9+-15.1	-3.70	1.000	0.19	4

5078	78	36.8+-9.1	4.54	0.000	0.35	3

5080	117	113.7+-12.5	0.26	0.360	0.52	5

5082	25	46.7+-8.6	-2.54	1.000	0.11	3

5084	35	63.0+-10.6	-2.64	1.000	0.16	2

5086	34	34.6+-7.7	-0.08	0.540	0.15	3

6342	2	7.9+-4.8	-1.23	0.950	0.01	2

6348	658	806.8+-65.0	-2.29	0.980	2.92	5

6350	43	51.0+-9.1	-0.88	0.790	0.19	5

6356	34	28.3+-10.1	0.57	0.320	0.15	2

6358	6	5.4+-2.8	0.21	0.440	0.03	1

6364	356	331.2+-35.1	0.71	0.220	1.58	5

6366	31	30.0+-6.2	0.17	0.470	0.14	3

6550	11	32.2+-8.6	-2.47	1.000	0.05	3

6552	4373	3936.1+-161.2	2.71	0.000	19.38	8

6554	1506	1403.4+-86.8	1.18	0.120	6.67	6

6558	74	78.8+-11.5	-0.41	0.650	0.33	4

6598	0	3.7+-2.4	-1.50	1.000	0.00	0

6602	14	28.4+-9.7	-1.48	0.990	0.06	2

6604	419	562.6+-45.9	-3.13	1.000	1.86	5

6606	13	25.4+-5.9	-2.12	0.990	0.06	3

6614	21	19.2+-6.2	0.29	0.370	0.09	3

6616	1054	854.7+-48.8	4.09	0.000	4.67	9

6618	95	99.3+-12.0	-0.36	0.650	0.42	5

6620	951	729.2+-50.8	4.37	0.000	4.21	6

6622	100	54.9+-11.1	4.06	0.010	0.44	4

6854	2	2.3+-1.8	-0.18	0.620	0.01	2

6858	97	113.4+-13.7	-1.20	0.890	0.43	4

6862	30	25.7+-5.7	0.76	0.230	0.13	2

6870	1	3.0+-2.3	-0.86	0.890	0.00	1

6874	18	86.4+-12.3	-5.55	1.000	0.08	3

6876	29	25.6+-6.1	0.56	0.270	0.13	3

6878	21	24.9+-6.0	-0.65	0.760	0.09	2

7126	11	4.0+-2.4	2.92	0.020	0.05	2

7128	85	55.0+-8.4	3.58	0.000	0.38	4

7130	90	77.8+-10.6	1.15	0.130	0.40	3

7134	80	21.4+-4.4	13.39	0.000	0.35	3

13142	546	346.2+-59.2	3.37	0.000	2.42	4

13146	79	62.0+-12.6	1.35	0.080	0.35	4

13148	12	48.1+-9.5	-3.79	1.000	0.05	2

13150	40	78.8+-11.0	-3.52	1.000	0.18	3

13260	0	6.2+-3.5	-1.76	1.000	0.00	0

13262	1	19.6+-5.4	-3.44	1.000	0.00	1

13278	6	17.1+-6.0	-1.84	0.970	0.03	2

14678	6	12.8+-5.3	-1.28	0.920	0.03	3

14686	4	2.2+-1.8	1.00	0.190	0.02	1

14790	0	0.5+-0.7	-0.64	1.000	0.00	0

14798	3	9.3+-4.1	-1.54	0.970	0.01	2

14810	15	13.3+-5.2	0.33	0.340	0.07	2

14812	60	40.8+-8.6	2.25	0.010	0.27	4

14814	27	14.5+-4.7	2.68	0.010	0.12	3

15258	363	133.7+-24.6	9.32	0.000	1.61	4

15262	66	31.2+-7.7	4.54	0.000	0.29	3

15310	7	12.6+-4.9	-1.14	0.890	0.03	1

15326	47	15.9+-4.2	7.37	0.000	0.21	3

31710	26	2.7+-2.0	11.58	0.000	0.12	3



 (Application total runtime was:  20.47 minutes).

 (Real network processing runtime was:   12.0 seconds.)

 (Single Random network processing runtime was:   12.2 seconds.)
