subgraph id = 74
Nreal : 1357
=================================
Full list of 1357 members:

1	17	11	
1	18	11	
1	18	16	
1	19	11	
1	27	2	
1	27	3	
1	38	34	
1	38	36	
1	46	21	
1	49	47	
1	51	11	
1	57	50	
1	64	11	
1	64	50	
1	64	55	
1	64	58	
1	64	59	
2	17	11	
2	18	11	
2	18	16	
2	19	11	
2	43	38	
2	46	21	
2	49	47	
2	51	11	
2	52	11	
2	57	50	
2	64	11	
2	64	50	
2	64	55	
2	64	58	
2	64	59	
3	17	11	
3	18	11	
3	18	16	
3	19	11	
3	35	6	
3	46	21	
3	51	11	
3	52	11	
3	64	11	
3	64	15	
3	64	50	
3	64	55	
3	64	57	
3	64	58	
3	64	59	
4	18	16	
4	18	17	
4	19	17	
4	35	6	
4	46	21	
4	51	17	
4	64	15	
4	64	43	
4	64	50	
4	64	55	
4	64	57	
4	64	58	
4	64	59	
5	18	11	
5	18	16	
5	18	17	
5	27	19	
5	46	21	
5	51	11	
5	51	17	
5	51	19	
5	52	11	
5	52	19	
5	53	11	
5	53	19	
5	64	11	
5	64	15	
5	64	43	
5	64	55	
5	64	57	
5	64	58	
5	64	59	
6	18	10	
6	18	11	
6	18	16	
6	18	17	
6	19	10	
6	19	11	
6	19	17	
6	34	33	
6	46	21	
6	52	10	
6	52	11	
6	53	11	
6	64	11	
6	64	15	
6	64	43	
6	64	50	
6	64	55	
6	64	57	
6	64	58	
6	64	59	
7	18	10	
7	18	11	
7	18	16	
7	18	17	
7	27	19	
7	34	33	
7	46	21	
7	52	10	
7	52	11	
7	52	19	
7	53	11	
7	53	19	
7	64	11	
7	64	15	
7	64	43	
7	64	50	
7	64	55	
7	64	57	
7	64	58	
7	64	59	
8	17	10	
8	17	11	
8	18	10	
8	18	11	
8	18	16	
8	19	10	
8	19	11	
8	21	16	
8	43	30	
8	43	38	
8	49	10	
8	49	47	
8	51	10	
8	51	11	
8	57	50	
8	64	11	
8	64	50	
8	64	55	
8	64	58	
8	64	59	
9	18	16	
9	21	16	
9	43	30	
9	43	38	
9	49	47	
9	64	55	
9	64	58	
9	64	59	
10	64	43	
10	64	59	
12	18	16	
12	18	17	
12	19	17	
12	46	21	
12	51	17	
12	64	15	
12	64	43	
12	64	50	
12	64	55	
12	64	57	
12	64	58	
12	64	59	
13	18	16	
13	46	21	
13	64	43	
13	64	50	
13	64	55	
13	64	57	
13	64	58	
13	64	59	
14	18	16	
14	18	17	
14	27	19	
14	43	30	
14	43	38	
14	52	19	
14	53	19	
14	53	46	
14	64	15	
14	64	46	
14	64	50	
14	64	55	
14	64	57	
14	64	58	
14	64	59	
15	34	33	
15	46	21	
15	53	52	
16	49	47	
16	64	43	
16	64	55	
16	64	59	
17	46	21	
17	64	55	
17	64	58	
17	64	59	
18	64	43	
18	64	55	
18	64	58	
19	64	43	
19	64	55	
19	64	57	
19	64	58	
19	64	59	
20	57	50	
20	64	43	
20	64	50	
20	64	55	
20	64	58	
20	64	59	
21	57	50	
21	64	43	
21	64	50	
21	64	58	
21	64	59	
22	32	27	
22	32	30	
22	33	27	
22	34	27	
22	36	27	
22	38	27	
22	38	30	
22	40	27	
22	43	30	
22	64	50	
22	64	55	
22	64	57	
22	64	58	
22	64	59	
23	30	27	
23	32	27	
23	33	27	
23	34	27	
23	36	27	
23	38	27	
23	40	27	
23	64	50	
23	64	55	
23	64	57	
23	64	58	
23	64	59	
24	30	27	
24	32	27	
24	33	27	
24	34	27	
24	36	27	
24	38	27	
24	40	27	
24	64	50	
24	64	55	
24	64	57	
24	64	58	
24	64	59	
25	32	30	
25	38	30	
25	43	30	
25	57	50	
25	64	50	
25	64	55	
25	64	58	
25	64	59	
26	57	50	
26	64	50	
26	64	55	
26	64	58	
26	64	59	
27	64	50	
27	64	55	
27	64	57	
27	64	58	
27	64	59	
28	64	50	
28	64	55	
28	64	57	
28	64	58	
28	64	59	
29	64	50	
29	64	55	
29	64	57	
29	64	58	
29	64	59	
30	64	50	
30	64	55	
30	64	57	
30	64	58	
30	64	59	
31	49	47	
31	57	50	
31	64	50	
31	64	55	
31	64	58	
31	64	59	
32	49	47	
32	64	50	
32	64	55	
32	64	57	
32	64	58	
32	64	59	
33	64	50	
33	64	55	
33	64	57	
33	64	58	
33	64	59	
34	64	55	
34	64	57	
34	64	58	
34	64	59	
35	53	52	
35	64	50	
35	64	55	
35	64	57	
35	64	58	
35	64	59	
36	64	50	
36	64	55	
36	64	57	
36	64	58	
36	64	59	
37	53	52	
37	64	50	
37	64	55	
37	64	57	
37	64	58	
37	64	59	
38	64	50	
38	64	55	
38	64	57	
38	64	58	
38	64	59	
39	49	47	
39	57	50	
39	64	50	
39	64	55	
39	64	58	
39	64	59	
40	53	52	
40	64	50	
40	64	55	
40	64	57	
40	64	58	
40	64	59	
41	57	50	
41	64	43	
41	64	50	
41	64	55	
41	64	58	
41	64	59	
42	53	46	
42	64	43	
42	64	46	
42	64	50	
42	64	55	
42	64	57	
42	64	58	
42	64	59	
43	57	50	
45	57	50	
45	64	50	
45	64	55	
45	64	58	
45	64	59	
47	57	50	
47	58	50	
47	58	53	
47	64	50	
47	64	55	
47	64	59	
48	58	53	
48	64	55	
48	64	59	
49	64	55	
49	64	59	
51	64	55	
51	64	59	
52	58	57	
52	64	57	
52	64	59	
53	64	59	
54	58	57	
54	64	57	
54	64	59	
55	58	57	
56	64	59	
1	10	11	
1	10	50	
1	10	52	
1	15	47	
1	15	48	
1	17	50	
1	18	21	
1	18	50	
1	18	52	
1	18	53	
1	19	52	
1	19	53	
1	27	34	
1	27	35	
1	27	36	
1	27	40	
1	33	34	
1	46	53	
1	57	58	
2	10	11	
2	10	50	
2	15	45	
2	15	47	
2	15	48	
2	17	50	
2	18	21	
2	18	50	
2	18	53	
2	19	53	
2	34	38	
2	46	53	
2	52	53	
2	57	58	
3	10	11	
3	10	49	
3	10	50	
3	17	49	
3	17	50	
3	18	21	
3	18	50	
3	18	53	
3	19	53	
3	46	53	
3	52	53	
4	10	17	
4	10	49	
4	10	50	
4	11	17	
4	18	21	
4	18	50	
4	27	30	
4	27	32	
4	27	36	
4	27	38	
4	27	40	
4	34	38	
4	53	58	
5	10	11	
5	10	17	
5	10	19	
5	10	49	
5	18	19	
5	18	21	
5	27	30	
5	27	32	
5	27	36	
5	27	38	
5	34	38	
5	53	58	
6	18	21	
6	18	50	
6	18	51	
6	19	51	
6	27	30	
6	27	32	
6	27	33	
6	27	36	
6	53	58	
7	18	19	
7	18	21	
7	18	50	
7	18	51	
7	27	30	
7	27	32	
7	27	33	
7	27	35	
7	27	36	
7	27	38	
7	34	38	
7	53	58	
8	15	47	
8	15	48	
8	17	50	
8	18	50	
8	18	52	
8	18	53	
8	19	52	
8	19	53	
8	27	30	
8	27	32	
8	27	34	
8	27	35	
8	27	36	
8	27	38	
8	27	40	
8	33	34	
8	46	53	
8	57	58	
9	11	53	
9	15	45	
9	15	47	
9	15	48	
9	18	53	
9	19	53	
9	27	30	
9	27	32	
9	27	34	
9	27	35	
9	27	36	
9	27	38	
9	27	40	
9	33	34	
9	46	53	
9	50	58	
9	52	53	
9	57	58	
10	27	30	
10	27	32	
10	27	34	
10	27	35	
10	27	36	
10	27	38	
10	27	40	
10	33	34	
11	27	32	
11	27	35	
11	27	36	
11	27	38	
11	27	40	
11	34	38	
12	18	21	
12	18	50	
12	27	30	
12	27	32	
12	27	33	
12	27	34	
12	27	35	
12	27	36	
12	27	38	
12	27	40	
12	53	58	
13	17	49	
13	17	50	
13	17	51	
13	18	21	
13	18	50	
13	18	51	
13	19	51	
13	27	30	
13	27	32	
13	27	33	
13	27	34	
13	27	35	
13	27	36	
13	27	38	
13	53	58	
14	18	19	
14	18	21	
14	18	50	
14	18	51	
14	27	30	
14	27	32	
14	27	33	
14	27	34	
14	27	35	
14	27	36	
14	27	38	
14	53	58	
15	17	51	
15	18	21	
15	18	51	
15	18	52	
15	19	51	
15	19	52	
15	27	32	
15	27	33	
15	27	35	
15	27	36	
15	27	38	
15	27	40	
15	34	38	
16	27	30	
16	27	32	
16	27	33	
16	27	34	
16	27	35	
16	27	36	
16	27	38	
16	27	40	
17	27	30	
17	27	33	
17	27	34	
17	27	35	
17	27	36	
17	27	38	
17	27	40	
17	53	58	
17	57	58	
18	57	58	
20	27	30	
20	27	32	
20	27	33	
20	27	34	
20	27	35	
20	27	36	
20	27	38	
20	27	40	
20	53	58	
20	57	58	
21	27	30	
21	27	32	
21	27	33	
21	27	34	
21	27	35	
21	27	36	
21	27	38	
21	27	40	
21	53	58	
21	57	58	
22	46	53	
23	46	53	
24	46	53	
25	27	30	
25	27	35	
25	27	40	
25	46	53	
25	57	58	
26	27	35	
26	46	53	
26	57	58	
27	46	53	
28	53	58	
29	46	53	
29	52	53	
30	46	53	
31	46	53	
31	57	58	
32	46	53	
33	46	53	
34	46	53	
35	53	58	
36	53	58	
37	53	58	
38	46	53	
39	46	53	
39	57	58	
40	53	58	
41	46	53	
41	57	58	
42	53	58	
43	46	53	
43	47	49	
43	57	58	
45	46	53	
45	47	49	
45	57	58	
37	27	2	
41	27	2	
42	27	2	
54	27	2	
41	27	3	
42	27	3	
54	27	3	
36	35	6	
37	35	6	
20	11	10	
22	11	10	
25	11	10	
28	11	10	
30	11	10	
31	11	10	
37	11	10	
48	11	10	
59	11	10	
60	11	10	
61	11	10	
62	11	10	
63	11	10	
20	17	10	
25	17	10	
32	17	10	
39	17	10	
43	17	10	
45	17	10	
47	17	10	
48	17	10	
20	18	10	
22	18	10	
23	18	10	
24	18	10	
26	18	10	
28	18	10	
29	18	10	
30	18	10	
31	18	10	
32	18	10	
34	18	10	
35	18	10	
36	18	10	
37	18	10	
38	18	10	
39	18	10	
40	18	10	
42	18	10	
59	18	10	
60	18	10	
20	19	10	
22	19	10	
25	19	10	
26	19	10	
30	19	10	
31	19	10	
32	19	10	
36	19	10	
37	19	10	
47	19	10	
56	19	10	
61	19	10	
56	49	10	
60	50	10	
61	50	10	
62	50	10	
63	50	10	
61	52	10	
32	17	11	
39	17	11	
41	17	11	
43	17	11	
45	17	11	
47	17	11	
23	18	11	
24	18	11	
26	18	11	
29	18	11	
32	18	11	
35	18	11	
36	18	11	
38	18	11	
39	18	11	
40	18	11	
41	18	11	
42	18	11	
26	19	11	
32	19	11	
36	19	11	
41	19	11	
47	19	11	
56	19	11	
55	52	11	
55	53	11	
56	53	11	
57	53	11	
20	18	16	
22	18	16	
23	18	16	
24	18	16	
26	18	16	
28	18	16	
29	18	16	
30	18	16	
31	18	16	
32	18	16	
33	18	16	
34	18	16	
35	18	16	
36	18	16	
37	18	16	
38	18	16	
39	18	16	
40	18	16	
41	18	16	
42	18	16	
54	18	16	
59	18	16	
60	18	16	
54	21	16	
55	21	16	
22	18	17	
23	18	17	
24	18	17	
26	18	17	
28	18	17	
29	18	17	
30	18	17	
31	18	17	
33	18	17	
34	18	17	
35	18	17	
36	18	17	
37	18	17	
38	18	17	
40	18	17	
42	18	17	
54	18	17	
59	18	17	
60	18	17	
22	19	17	
26	19	17	
30	19	17	
31	19	17	
33	19	17	
36	19	17	
37	19	17	
56	19	17	
61	19	17	
56	49	17	
54	50	17	
55	50	17	
60	50	17	
61	50	17	
62	50	17	
63	50	17	
25	19	18	
47	19	18	
56	19	18	
61	19	18	
55	21	18	
55	50	18	
61	50	18	
62	50	18	
63	50	18	
55	52	18	
61	52	18	
55	53	18	
56	53	18	
62	53	18	
63	53	18	
28	27	19	
29	27	19	
42	27	19	
54	27	19	
54	52	19	
55	52	19	
54	53	19	
55	53	19	
57	53	19	
60	53	19	
62	53	19	
63	53	19	
47	46	21	
48	46	21	
49	46	21	
50	46	21	
51	46	21	
56	46	21	
58	46	21	
59	46	21	
60	46	21	
61	46	21	
62	46	21	
63	46	21	
48	34	27	
49	34	27	
50	34	27	
39	38	27	
37	34	33	
40	34	33	
48	34	33	
49	34	33	
50	34	33	
39	38	34	
39	38	36	
45	43	38	
59	58	50	
56	53	52	
57	53	52	
60	53	52	
62	53	52	
63	53	52	
59	58	53	
61	58	53	
59	58	57	
63	58	57	
4	27	2	
5	27	2	
6	27	2	
7	27	2	
8	27	2	
9	27	2	
11	27	2	
12	27	2	
13	27	2	
14	27	2	
16	27	2	
20	27	2	
21	27	2	
4	27	3	
5	27	3	
6	27	3	
7	27	3	
8	27	3	
9	27	3	
11	27	3	
12	27	3	
13	27	3	
14	27	3	
15	27	3	
16	27	3	
20	27	3	
21	27	3	
28	35	6	
31	49	10	
32	49	10	
39	49	10	
48	50	10	
30	51	10	
31	51	10	
32	51	10	
39	51	10	
20	52	10	
28	52	10	
29	52	10	
36	52	10	
42	52	10	
32	51	11	
39	51	11	
41	51	11	
29	52	11	
36	52	11	
42	52	11	
35	53	11	
36	53	11	
40	53	11	
42	53	11	
23	64	11	
24	64	11	
26	64	11	
29	64	11	
32	64	11	
35	64	11	
36	64	11	
38	64	11	
39	64	11	
40	64	11	
41	64	11	
42	64	11	
45	64	11	
47	64	11	
56	64	11	
20	64	15	
21	64	15	
22	64	15	
23	64	15	
24	64	15	
25	64	15	
26	64	15	
28	64	15	
29	64	15	
32	64	15	
33	64	15	
35	64	15	
36	64	15	
37	64	15	
38	64	15	
40	64	15	
42	64	15	
51	64	15	
52	64	15	
54	64	15	
60	64	15	
61	64	15	
62	64	15	
63	64	15	
20	21	16	
31	49	17	
30	51	17	
31	51	17	
25	27	18	
48	50	18	
39	51	19	
28	52	19	
29	52	19	
42	52	19	
49	52	19	
28	53	19	
35	53	19	
40	53	19	
42	53	19	
49	53	19	
22	46	21	
23	46	21	
24	46	21	
25	46	21	
26	46	21	
28	46	21	
29	46	21	
30	46	21	
31	46	21	
32	46	21	
33	46	21	
34	46	21	
35	46	21	
36	46	21	
37	46	21	
38	46	21	
39	46	21	
40	46	21	
41	46	21	
43	46	21	
45	46	21	
35	38	30	
35	43	30	
35	38	32	
48	64	43	
49	64	43	
51	64	43	
52	64	43	
53	64	43	
54	64	43	
56	64	43	
60	64	43	
61	64	43	
62	64	43	
63	64	43	
56	57	50	
56	58	50	
56	64	50	
56	64	55	
61	64	55	
62	64	55	
63	64	55	
63	64	57	
61	64	59	
62	64	59	
63	64	59	
22	2	27	
23	2	27	
24	2	27	
22	3	27	
23	3	27	
24	3	27	
7	6	35	
23	6	35	
24	6	35	
29	6	35	
12	10	17	
14	10	17	
14	10	19	
12	10	49	
13	10	49	
14	10	49	
21	10	49	
12	10	50	
13	10	50	
14	10	50	
21	10	50	
41	10	50	
13	10	51	
14	10	51	
15	10	51	
21	10	51	
15	10	52	
41	10	52	
12	11	17	
14	11	17	
14	11	19	
13	11	51	
14	11	51	
15	11	51	
20	11	51	
21	11	51	
22	11	51	
25	11	51	
28	11	51	
37	11	51	
48	11	51	
49	11	51	
15	11	52	
22	11	52	
25	11	52	
30	11	52	
31	11	52	
37	11	52	
48	11	52	
22	11	53	
25	11	53	
30	11	53	
31	11	53	
48	11	53	
16	15	45	
31	15	45	
16	15	47	
30	15	47	
31	15	47	
39	15	47	
16	15	48	
30	15	48	
31	15	48	
39	15	48	
41	15	48	
43	15	48	
20	17	49	
25	17	49	
43	17	49	
45	17	49	
48	17	49	
20	17	50	
25	17	50	
32	17	50	
39	17	50	
41	17	50	
43	17	50	
45	17	50	
47	17	50	
20	17	51	
25	17	51	
43	17	51	
45	17	51	
47	17	51	
48	17	51	
22	18	27	
23	18	27	
24	18	27	
20	18	50	
22	18	50	
23	18	50	
24	18	50	
26	18	50	
28	18	50	
29	18	50	
30	18	50	
31	18	50	
32	18	50	
33	18	50	
35	18	50	
36	18	50	
37	18	50	
38	18	50	
39	18	50	
40	18	50	
41	18	50	
42	18	50	
20	18	51	
22	18	51	
23	18	51	
24	18	51	
26	18	51	
28	18	51	
29	18	51	
33	18	51	
34	18	51	
35	18	51	
36	18	51	
37	18	51	
38	18	51	
40	18	51	
42	18	51	
49	18	51	
22	18	52	
23	18	52	
24	18	52	
26	18	52	
30	18	52	
31	18	52	
32	18	52	
33	18	52	
34	18	52	
35	18	52	
37	18	52	
38	18	52	
39	18	52	
40	18	52	
41	18	52	
22	18	53	
23	18	53	
24	18	53	
26	18	53	
29	18	53	
30	18	53	
31	18	53	
32	18	53	
33	18	53	
34	18	53	
38	18	53	
39	18	53	
41	18	53	
22	19	27	
20	19	51	
22	19	51	
25	19	51	
26	19	51	
33	19	51	
36	19	51	
37	19	51	
47	19	51	
22	19	52	
25	19	52	
26	19	52	
30	19	52	
31	19	52	
32	19	52	
33	19	52	
37	19	52	
41	19	52	
47	19	52	
22	19	53	
25	19	53	
26	19	53	
30	19	53	
31	19	53	
32	19	53	
33	19	53	
41	19	53	
47	19	53	
29	27	35	
31	27	35	
31	27	40	
47	46	53	
48	46	53	
48	47	49	
54	50	57	
55	50	57	
56	2	27	
41	10	11	
55	10	11	
57	10	11	
21	10	17	
54	10	17	
55	10	17	
58	10	17	
55	10	18	
58	10	18	
54	10	19	
55	10	19	
57	10	19	
58	10	19	
54	10	49	
55	10	49	
54	10	51	
55	10	51	
57	10	52	
21	11	17	
22	11	17	
28	11	17	
30	11	17	
31	11	17	
37	11	17	
54	11	17	
58	11	17	
59	11	17	
60	11	17	
61	11	17	
62	11	17	
63	11	17	
25	11	18	
48	11	18	
58	11	18	
61	11	18	
62	11	18	
63	11	18	
28	11	19	
48	11	19	
49	11	19	
54	11	19	
58	11	19	
59	11	19	
60	11	19	
62	11	19	
63	11	19	
54	11	51	
59	11	51	
60	11	51	
61	11	51	
62	11	51	
63	11	51	
59	11	52	
60	11	52	
62	11	52	
63	11	52	
59	11	53	
61	11	53	
56	15	45	
25	17	18	
43	17	18	
45	17	18	
47	17	18	
48	17	18	
39	17	19	
43	17	19	
45	17	19	
48	17	19	
23	18	19	
24	18	19	
28	18	19	
29	18	19	
34	18	19	
35	18	19	
38	18	19	
39	18	19	
40	18	19	
42	18	19	
49	18	19	
54	18	19	
59	18	19	
60	18	19	
22	18	21	
23	18	21	
24	18	21	
26	18	21	
28	18	21	
29	18	21	
30	18	21	
31	18	21	
32	18	21	
33	18	21	
34	18	21	
35	18	21	
36	18	21	
37	18	21	
38	18	21	
39	18	21	
40	18	21	
41	18	21	
49	18	21	
59	18	21	
60	18	21	
39	18	27	
49	18	27	
59	18	27	
60	18	27	
59	18	50	
54	18	51	
59	18	51	
60	18	51	
59	18	52	
60	18	52	
59	18	53	
47	19	27	
50	19	27	
56	19	27	
61	19	27	
56	19	51	
61	19	51	
56	19	52	
61	19	53	
41	27	30	
42	27	30	
54	27	30	
41	27	32	
42	27	32	
54	27	32	
37	27	33	
41	27	33	
42	27	33	
54	27	33	
41	27	34	
42	27	34	
54	27	34	
41	27	35	
42	27	35	
54	27	35	
41	27	36	
42	27	36	
54	27	36	
41	27	38	
54	27	38	
41	27	40	
36	30	32	
48	34	38	
49	34	38	
50	34	38	
59	46	53	
61	46	53	
63	50	57	
61	52	53	

