subgraph id = 36
Nreal : 6700
=================================
Partial list of 2872 members:

1	12	10	
1	13	10	
1	14	10	
1	16	10	
1	21	10	
1	54	10	
1	55	10	
1	58	10	
1	16	15	
1	31	15	
1	56	15	
1	20	17	
1	25	17	
1	47	17	
1	48	17	
1	20	18	
1	22	18	
1	23	18	
1	24	18	
1	26	18	
1	28	18	
1	29	18	
1	31	18	
1	34	18	
1	35	18	
1	36	18	
1	37	18	
1	40	18	
1	42	18	
1	54	18	
1	59	18	
1	60	18	
1	20	19	
1	22	19	
1	25	19	
1	26	19	
1	31	19	
1	36	19	
1	37	19	
1	47	19	
1	50	19	
1	56	19	
1	61	19	
1	28	27	
1	29	27	
1	31	27	
1	37	27	
1	42	27	
1	54	27	
1	31	30	
1	36	30	
1	37	30	
1	37	32	
1	35	33	
1	36	33	
1	47	44	
1	48	44	
1	50	44	
1	52	44	
1	53	44	
1	54	44	
1	55	44	
1	56	44	
1	58	44	
1	59	44	
1	60	44	
1	61	44	
1	62	44	
1	63	44	
1	47	46	
1	48	46	
1	50	46	
1	52	46	
1	54	46	
1	55	46	
1	56	46	
1	58	46	
1	59	46	
1	60	46	
1	61	46	
1	62	46	
1	63	46	
1	56	49	
1	60	57	
1	61	57	
1	62	57	
2	12	10	
2	13	10	
2	14	10	
2	16	10	
2	21	10	
2	41	10	
2	54	10	
2	55	10	
2	58	10	
2	16	15	
2	41	15	
2	20	17	
2	41	17	
2	45	17	
2	47	17	
2	48	17	
2	20	18	
2	35	18	
2	36	18	
2	37	18	
2	38	18	
2	40	18	
2	41	18	
2	42	18	
2	54	18	
2	59	18	
2	60	18	
2	20	19	
2	36	19	
2	37	19	
2	41	19	
2	47	19	
2	50	19	
2	61	19	
2	35	33	
2	36	33	
2	35	34	
2	36	34	
2	37	34	
2	40	34	
2	48	34	
2	50	34	
2	41	39	
2	45	43	
2	47	44	
2	48	44	
2	50	44	
2	53	44	
2	54	44	
2	55	44	
2	58	44	
2	59	44	
2	60	44	
2	61	44	
2	62	44	
2	63	44	
2	47	46	
2	48	46	
2	50	46	
2	54	46	
2	55	46	
2	58	46	
2	59	46	
2	60	46	
2	61	46	
2	62	46	
2	63	46	
2	54	52	
2	55	52	
2	61	52	
2	60	57	
2	61	57	
2	62	57	
3	12	10	
3	13	10	
3	14	10	
3	15	10	
3	16	10	
3	21	10	
3	41	10	
3	54	10	
3	55	10	
3	57	10	
3	58	10	
3	20	17	
3	32	17	
3	39	17	
3	41	17	
3	45	17	
3	47	17	
3	48	17	
3	20	18	
3	32	18	
3	36	18	
3	39	18	
3	40	18	
3	41	18	
3	42	18	
3	49	18	
3	54	18	
3	59	18	
3	60	18	
3	20	19	
3	32	19	
3	36	19	
3	41	19	
3	47	19	
3	50	19	
3	56	19	
3	61	19	
3	36	33	
3	36	34	
3	40	34	
3	48	34	
3	49	34	
3	50	34	
3	36	35	
3	45	43	
3	47	44	
3	48	44	
3	49	44	
3	50	44	
3	53	44	
3	54	44	
3	55	44	
3	56	44	
3	57	44	
3	58	44	
3	59	44	
3	60	44	
3	61	44	
3	62	44	
3	63	44	
3	47	46	
3	48	46	
3	49	46	
3	50	46	
3	54	46	
3	55	46	
3	56	46	
3	57	46	
3	58	46	
3	59	46	
3	60	46	
3	61	46	
3	62	46	
3	63	46	
3	54	52	
3	55	52	
3	61	52	
4	12	10	
4	13	10	
4	14	10	
4	15	10	
4	16	10	
4	21	10	
4	41	10	
4	54	10	
4	55	10	
4	57	10	
4	58	10	
4	12	11	
4	13	11	
4	14	11	
4	15	11	
4	16	11	
4	20	11	
4	21	11	
4	22	11	
4	25	11	
4	28	11	
4	30	11	
4	31	11	
4	37	11	
4	48	11	
4	49	11	
4	50	11	
4	54	11	
4	58	11	
4	59	11	
4	60	11	
4	61	11	
4	62	11	
4	63	11	
4	20	18	
4	22	18	
4	23	18	
4	24	18	
4	26	18	
4	28	18	
4	29	18	
4	30	18	
4	31	18	
4	32	18	
4	36	18	
4	37	18	
4	38	18	
4	39	18	
4	40	18	
4	41	18	
4	42	18	
4	49	18	
4	54	18	
4	59	18	
4	60	18	
4	20	19	
4	22	19	
4	25	19	
4	26	19	
4	30	19	
4	31	19	
4	32	19	
4	36	19	
4	37	19	
4	41	19	
4	47	19	
4	50	19	
4	56	19	
4	61	19	
4	28	27	
4	29	27	
4	31	27	
4	37	27	
4	41	27	
4	42	27	
4	54	27	
4	36	33	
4	36	34	
4	37	34	
4	40	34	
4	48	34	
4	49	34	
4	50	34	
4	36	35	
4	37	35	
4	47	44	
4	48	44	
4	49	44	
4	50	44	
4	54	44	
4	55	44	
4	56	44	
4	57	44	
4	58	44	
4	59	44	
4	60	44	
4	61	44	
4	62	44	
4	63	44	
4	47	46	
4	48	46	
4	49	46	
4	50	46	
4	54	46	
4	55	46	
4	56	46	
4	57	46	
4	58	46	
4	59	46	
4	60	46	
4	61	46	
4	62	46	
4	63	46	
4	54	52	
4	55	52	
4	61	52	
4	54	53	
4	55	53	
4	56	53	
4	57	53	
4	60	53	
4	62	53	
4	63	53	
5	7	6	
5	23	6	
5	24	6	
5	29	6	
5	38	6	
5	12	10	
5	13	10	
5	14	10	
5	15	10	
5	16	10	
5	21	10	
5	41	10	
5	54	10	
5	55	10	
5	57	10	
5	58	10	
5	20	18	
5	22	18	
5	23	18	
5	24	18	
5	26	18	
5	28	18	
5	29	18	
5	30	18	
5	31	18	
5	32	18	
5	36	18	
5	37	18	
5	38	18	
5	39	18	
5	41	18	
5	42	18	
5	49	18	
5	54	18	
5	59	18	
5	60	18	
5	28	27	
5	29	27	
5	31	27	
5	37	27	
5	41	27	
5	42	27	
5	54	27	
5	36	33	
5	36	34	
5	37	34	
5	48	34	
5	49	34	
5	36	35	
5	37	35	
5	54	40	
5	47	44	
5	48	44	
5	49	44	
5	54	44	
5	55	44	
5	56	44	
5	57	44	
5	58	44	
5	59	44	
5	60	44	
5	62	44	
5	63	44	
5	47	46	
5	48	46	
5	49	46	
5	54	46	
5	55	46	
5	56	46	
5	57	46	
5	58	46	
5	59	46	
5	60	46	
5	62	46	
5	63	46	
5	54	52	
5	55	52	
5	54	53	
5	55	53	
5	56	53	
5	57	53	
5	60	53	
5	62	53	
5	63	53	
6	20	18	
6	22	18	
6	26	18	
6	28	18	
6	30	18	
6	31	18	
6	32	18	
6	33	18	
6	36	18	
6	37	18	
6	39	18	
6	41	18	
6	49	18	
6	54	18	
6	59	18	
6	60	18	
6	20	19	
6	22	19	
6	25	19	
6	26	19	
6	30	19	
6	31	19	
6	32	19	
6	33	19	
6	36	19	
6	37	19	
6	41	19	
6	47	19	
6	50	19	
6	56	19	
6	61	19	
6	28	27	
6	31	27	
6	37	27	
6	41	27	
6	54	27	
6	36	34	
6	37	34	
6	48	34	
6	49	34	
6	50	34	
6	54	40	
6	47	44	
6	48	44	
6	49	44	
6	50	44	
6	51	44	
6	54	44	
6	55	44	
6	56	44	
6	57	44	
6	58	44	
6	59	44	
6	60	44	
6	61	44	
6	62	44	
6	63	44	
6	47	46	
6	48	46	
6	49	46	
6	50	46	
6	51	46	
6	54	46	
6	55	46	
6	56	46	
6	57	46	
6	58	46	
6	59	46	
6	60	46	
6	61	46	
6	62	46	
6	63	46	
6	54	52	
6	55	52	
6	61	52	
6	54	53	
6	55	53	
6	56	53	
6	57	53	
6	60	53	
6	62	53	
6	63	53	
7	20	18	
7	22	18	
7	23	18	
7	24	18	
7	26	18	
7	28	18	
7	29	18	
7	30	18	
7	31	18	
7	32	18	
7	33	18	
7	35	18	
7	36	18	
7	37	18	
7	38	18	
7	39	18	
7	41	18	
7	49	18	
7	54	18	
7	59	18	
7	60	18	
7	28	27	
7	29	27	
7	31	27	
7	37	27	
7	41	27	
7	54	27	
7	35	34	
7	36	34	
7	37	34	
7	48	34	
7	49	34	
7	50	34	
7	54	40	
7	47	44	
7	48	44	
7	49	44	
7	50	44	
7	51	44	
7	54	44	
7	55	44	
7	56	44	
7	57	44	
7	58	44	
7	59	44	
7	60	44	
7	61	44	
7	62	44	
7	63	44	
7	47	46	
7	48	46	
7	49	46	
7	50	46	
7	51	46	
7	54	46	
7	55	46	
7	56	46	
7	57	46	
7	58	46	
7	59	46	
7	60	46	
7	61	46	
7	62	46	
7	63	46	
7	54	52	
7	55	52	
7	61	52	
7	54	53	
7	55	53	
7	56	53	
7	57	53	
7	60	53	
7	62	53	
7	63	53	
8	16	15	
8	30	15	
8	31	15	
8	41	15	
8	56	15	
8	20	17	
8	25	17	
8	32	17	
8	41	17	
8	47	17	
8	48	17	
8	20	18	
8	22	18	
8	23	18	
8	24	18	
8	26	18	
8	28	18	
8	29	18	
8	30	18	
8	31	18	
8	32	18	
8	34	18	
8	35	18	
8	36	18	
8	37	18	
8	38	18	
8	40	18	
8	41	18	
8	42	18	
8	54	18	
8	59	18	
8	60	18	
8	20	19	
8	22	19	
8	25	19	
8	26	19	
8	30	19	
8	31	19	
8	32	19	
8	36	19	
8	37	19	
8	41	19	
8	47	19	
8	50	19	
8	56	19	
8	61	19	
8	54	21	
8	55	21	
8	28	27	
8	29	27	
8	31	27	
8	37	27	
8	41	27	
8	42	27	
8	54	27	
8	35	33	
8	36	33	
8	41	39	
8	47	44	
8	48	44	
8	50	44	
8	52	44	
8	53	44	
8	54	44	
8	55	44	
8	56	44	
8	58	44	
8	59	44	
8	60	44	
8	61	44	
8	62	44	
8	63	44	
8	47	46	
8	48	46	
8	50	46	
8	52	46	
8	54	46	
8	55	46	
8	56	46	
8	58	46	
8	59	46	
8	60	46	
8	61	46	
8	62	46	
8	63	46	
8	56	49	
8	60	57	
8	61	57	
8	62	57	
9	12	10	
9	13	10	
9	14	10	
9	16	10	
9	41	10	
9	54	10	
9	55	10	
9	58	10	
9	12	11	
9	13	11	
9	14	11	
9	16	11	
9	20	11	
9	22	11	
9	25	11	
9	28	11	
9	30	11	
9	31	11	
9	37	11	
9	48	11	
9	54	11	
9	58	11	
9	59	11	
9	60	11	
9	61	11	
9	62	11	
9	63	11	
9	16	15	
9	30	15	
9	31	15	
9	39	15	
9	41	15	
9	56	15	
9	20	17	
9	25	17	
9	32	17	
9	39	17	
9	41	17	
9	45	17	
9	47	17	
9	48	17	
9	20	18	
9	22	18	
9	23	18	
9	24	18	
9	26	18	
9	28	18	
9	29	18	
9	30	18	
9	31	18	
9	32	18	
9	34	18	
9	35	18	
9	36	18	
9	37	18	
9	38	18	
9	39	18	
9	40	18	
9	41	18	
9	42	18	
9	54	18	
9	59	18	
9	60	18	
9	20	19	
9	22	19	
9	25	19	
9	26	19	
9	30	19	
9	31	19	
9	32	19	
9	36	19	
9	37	19	
9	41	19	
9	47	19	
9	56	19	
9	61	19	
9	54	21	
9	55	21	
9	28	27	
9	29	27	
9	31	27	
9	37	27	
9	41	27	
9	42	27	
9	54	27	
9	35	33	
9	36	33	
9	45	43	
9	47	44	
9	48	44	
9	53	44	
9	54	44	
9	55	44	
9	56	44	
9	58	44	
9	59	44	
9	60	44	
9	61	44	
9	62	44	
9	63	44	
9	47	46	
9	48	46	
9	54	46	
9	55	46	
9	56	46	
9	58	46	
9	59	46	
9	60	46	
9	61	46	
9	62	46	
9	63	46	
9	56	49	
9	54	50	
9	55	50	
9	60	50	
9	61	50	
9	62	50	
9	63	50	
9	54	52	
9	55	52	
9	61	52	
9	60	57	
9	61	57	
9	62	57	
10	28	27	
10	29	27	
10	31	27	
10	37	27	
10	42	27	
10	35	33	
10	36	33	
10	47	44	
10	48	44	
10	56	44	
10	59	44	
10	60	44	
10	61	44	
10	62	44	
10	63	44	
10	47	46	
10	48	46	
10	56	46	
10	59	46	
10	60	46	
10	61	46	
10	62	46	
10	63	46	
10	56	53	
10	60	53	
10	62	53	
10	63	53	
11	29	27	
11	41	27	
11	42	27	
11	35	33	
11	36	33	
11	35	34	
11	36	34	
11	40	34	
11	47	44	
11	55	44	
11	56	44	
11	57	44	
11	47	46	
11	55	46	
11	56	46	
11	57	46	
12	20	18	
12	22	18	
12	26	18	
12	28	18	
12	29	18	
12	30	18	
12	31	18	
12	32	18	
12	33	18	
12	34	18	
12	35	18	
12	36	18	
12	37	18	
12	38	18	
12	39	18	
12	40	18	
12	41	18	
12	42	18	
12	49	18	
12	54	18	
12	59	18	
12	60	18	
12	20	19	
12	22	19	
12	25	19	
12	26	19	
12	30	19	
12	31	19	
12	32	19	
12	33	19	
12	36	19	
12	37	19	
12	41	19	
12	47	19	
12	50	19	
12	56	19	
12	61	19	
12	28	27	
12	29	27	
12	31	27	
12	37	27	
12	41	27	
12	42	27	
12	54	27	
12	47	44	
12	48	44	
12	49	44	
12	50	44	
12	54	44	
12	55	44	
12	56	44	
12	57	44	
12	58	44	
12	59	44	
12	60	44	
12	61	44	
12	62	44	
12	63	44	
12	47	46	
12	48	46	
12	49	46	
12	50	46	
12	54	46	
12	55	46	
12	56	46	
12	57	46	
12	58	46	
12	59	46	
12	60	46	
12	61	46	
12	62	46	
12	63	46	
12	54	52	
12	55	52	
12	61	52	
12	54	53	
12	55	53	
12	56	53	
12	57	53	
12	60	53	
12	62	53	
12	63	53	
13	20	17	
13	25	17	
13	32	17	
13	39	17	
13	41	17	
13	43	17	
13	45	17	
13	47	17	
13	48	17	
13	20	18	
13	22	18	
13	23	18	
13	24	18	
13	26	18	
13	28	18	
13	29	18	
13	30	18	
13	31	18	
13	32	18	
13	33	18	
13	34	18	
13	35	18	
13	36	18	
13	37	18	
13	38	18	
13	39	18	
13	41	18	
13	49	18	
13	54	18	
13	59	18	
13	60	18	
13	20	19	
13	22	19	
13	25	19	
13	26	19	
13	30	19	
13	31	19	
13	32	19	
13	33	19	
13	36	19	
13	37	19	
13	41	19	
13	47	19	
13	50	19	
13	56	19	
13	61	19	
13	28	27	
13	29	27	
13	31	27	
13	37	27	
13	41	27	
13	54	27	
13	54	40	
13	47	44	
13	48	44	
13	49	44	
13	50	44	
13	51	44	
13	54	44	
13	55	44	
13	56	44	
13	57	44	
13	58	44	
13	59	44	
7	23	6	
7	24	6	
7	29	6	
7	38	6	
12	13	10	
12	14	10	
12	15	10	
12	16	10	
12	21	10	
12	41	10	
12	54	10	
12	55	10	
12	57	10	
12	58	10	
12	13	11	
12	14	11	
12	15	11	
12	16	11	
12	20	11	
12	21	11	
12	22	11	
12	25	11	
12	28	11	
12	30	11	
12	31	11	
12	37	11	
12	48	11	
12	49	11	
12	50	11	
12	54	11	
12	58	11	
12	59	11	
12	60	11	
12	61	11	
12	62	11	
12	63	11	
13	14	10	
13	16	10	
13	21	10	
13	41	10	
13	54	10	
13	55	10	
13	57	10	
13	58	10	
13	14	11	
13	16	11	
13	20	11	
13	21	11	
13	22	11	
13	25	11	
13	28	11	
13	30	11	
13	31	11	
13	37	11	
13	48	11	
13	49	11	
13	50	11	
13	54	11	
13	58	11	
13	59	11	
13	60	11	
13	61	11	
13	62	11	
13	63	11	
14	15	10	
14	16	10	
14	21	10	
14	41	10	
14	54	10	
14	55	10	
14	57	10	
14	58	10	
14	15	11	
14	16	11	
14	20	11	
14	21	11	
14	22	11	
14	25	11	
14	28	11	
14	30	11	
14	31	11	
14	37	11	
14	48	11	
14	49	11	
14	50	11	
14	54	11	
14	58	11	
14	59	11	
14	60	11	
14	61	11	
14	62	11	
14	63	11	
15	21	10	
15	54	10	
15	55	10	
15	20	11	
15	21	11	
15	22	11	
15	25	11	
15	28	11	
15	37	11	
15	54	11	
15	59	11	
15	60	11	
15	61	11	
15	62	11	
15	63	11	
16	41	10	
16	54	10	
16	55	10	
16	20	11	
16	22	11	
16	25	11	
16	28	11	
16	30	11	
16	31	11	
16	37	11	
16	48	11	
16	54	11	
16	59	11	
16	60	11	
16	61	11	
16	62	11	
16	63	11	
16	30	15	
16	31	15	
16	39	15	
16	41	15	
16	43	15	
16	56	15	
20	22	11	
20	25	11	
20	28	11	
20	30	11	
20	31	11	
20	37	11	
20	48	11	
20	49	11	
20	50	11	
20	54	11	
20	58	11	
20	59	11	
20	60	11	
20	61	11	
20	62	11	
20	63	11	
20	25	17	
20	32	17	
20	39	17	
20	41	17	
20	43	17	
20	45	17	
20	47	17	
20	48	17	
20	22	18	
20	23	18	
20	24	18	
20	26	18	
20	28	18	
20	29	18	
20	30	18	
20	31	18	
20	32	18	
20	33	18	
20	34	18	
20	35	18	
20	36	18	
20	37	18	
20	38	18	
20	39	18	
20	40	18	
20	41	18	
20	49	18	
20	54	18	
20	59	18	
20	60	18	
20	22	19	
20	25	19	
20	26	19	
20	30	19	
20	31	19	
20	32	19	
20	33	19	
20	36	19	
20	37	19	
20	41	19	
20	47	19	
20	50	19	
20	56	19	
20	61	19	
21	41	10	
21	58	10	
21	22	11	
21	25	11	
21	28	11	
21	30	11	
21	31	11	
21	37	11	
21	48	11	
21	49	11	
21	50	11	
21	58	11	
21	59	11	
21	60	11	
21	61	11	
21	62	11	
21	63	11	
22	23	2	
22	24	2	
22	25	2	
22	26	2	
22	28	2	
22	29	2	
22	30	2	
22	31	2	
22	56	2	
22	23	3	
22	24	3	
22	25	3	
22	26	3	
22	28	3	
22	29	3	
22	30	3	
22	31	3	
22	37	3	
22	25	11	
22	28	11	
22	30	11	
22	31	11	
22	37	11	
22	48	11	
22	49	11	
22	50	11	
22	54	11	
22	58	11	
22	59	11	
22	60	11	
22	61	11	
22	62	11	
22	63	11	
22	23	18	
22	24	18	
22	26	18	
22	28	18	
22	29	18	
22	30	18	
22	31	18	
22	35	18	
22	37	18	
22	39	18	
22	41	18	
22	42	18	
22	49	18	
22	54	18	
22	59	18	
22	60	18	
22	25	19	
22	26	19	
22	30	19	
22	31	19	
22	37	19	
22	41	19	
22	47	19	
22	50	19	
22	56	19	
22	61	19	
23	24	2	
23	25	2	
23	26	2	
23	28	2	
23	29	2	
23	31	2	
23	56	2	
23	24	3	
23	25	3	
23	26	3	
23	28	3	
23	29	3	
23	31	3	
23	37	3	
23	24	6	
23	29	6	
23	24	12	
23	24	18	
23	26	18	
23	28	18	
23	29	18	
23	31	18	
23	35	18	
23	37	18	
23	39	18	
23	41	18	
23	42	18	
23	49	18	
23	54	18	
23	59	18	
23	60	18	
24	25	2	
24	26	2	
24	28	2	
24	29	2	
24	31	2	
24	56	2	
24	25	3	
24	26	3	
24	28	3	
24	29	3	
24	31	3	
24	37	3	
24	29	6	
24	26	18	
24	28	18	
24	29	18	
24	31	18	
24	35	18	
24	37	18	
24	39	18	
24	41	18	
24	42	18	
24	49	18	
24	54	18	
24	59	18	
24	60	18	
25	26	2	
25	28	2	
25	29	2	
25	30	2	
25	31	2	
25	56	2	
25	26	3	
25	28	3	
25	29	3	
25	30	3	
25	31	3	
25	37	3	
25	28	11	
25	30	11	
25	31	11	
25	37	11	
25	48	11	
25	49	11	
25	50	11	
25	54	11	
25	58	11	
25	59	11	
25	60	11	
25	61	11	
25	62	11	
25	63	11	
25	39	17	
25	41	17	
25	45	17	
25	47	17	
25	48	17	
25	26	19	
25	30	19	
25	31	19	
25	37	19	
25	41	19	
25	47	19	
25	50	19	
25	56	19	
25	61	19	
26	28	2	
26	29	2	
26	31	2	
26	56	2	
26	28	3	
26	29	3	
26	31	3	
26	37	3	
26	28	18	
26	29	18	
26	31	18	
26	35	18	
26	37	18	
26	39	18	
26	41	18	
26	42	18	
26	49	18	
26	54	18	
26	59	18	
26	60	18	
26	31	19	
26	37	19	
26	41	19	
26	47	19	
26	50	19	
26	56	19	
26	61	19	
28	31	2	
28	56	2	
28	31	3	
28	37	3	
28	31	11	
28	37	11	
28	48	11	
28	49	11	
28	50	11	
28	54	11	
28	58	11	
28	59	11	
28	60	11	
28	61	11	
28	62	11	
28	63	11	
28	31	18	
28	37	18	
28	39	18	
28	41	18	
28	42	18	
28	49	18	
28	54	18	
28	59	18	
28	60	18	
28	31	27	
28	37	27	
28	41	27	
28	42	27	
28	54	27	
29	31	2	
29	56	2	
29	31	3	
29	37	3	
29	31	18	
29	35	18	
29	37	18	
29	39	18	
29	41	18	
29	42	18	
29	49	18	
29	54	18	
29	59	18	
29	60	18	
29	31	27	
29	37	27	
29	41	27	
29	42	27	
29	54	27	
30	56	2	
30	48	11	
30	49	11	
30	50	11	
30	54	11	
30	58	11	
30	59	11	
30	60	11	
30	61	11	
30	62	11	
30	63	11	
30	41	15	
30	56	15	
30	35	18	
30	41	18	
30	42	18	
30	49	18	
30	54	18	
30	59	18	
30	60	18	
30	41	19	
30	47	19	
30	50	19	
30	56	19	
30	61	19	
31	56	2	
31	37	3	
31	37	11	
31	48	11	
31	50	11	
31	54	11	
31	58	11	
31	59	11	
31	60	11	
31	61	11	
31	62	11	
31	63	11	
31	41	15	
31	56	15	
31	35	18	
31	37	18	
31	40	18	
31	41	18	
31	42	18	
31	54	18	
31	59	18	
31	60	18	
31	37	19	
31	41	19	
31	47	19	
31	50	19	
31	56	19	
31	61	19	
31	37	27	
31	41	27	
31	42	27	
31	54	27	
31	37	30	
32	56	2	
32	41	17	
32	45	17	
32	47	17	
32	48	17	
32	35	18	
32	36	18	
32	40	18	
32	41	18	
32	42	18	
32	54	18	
32	59	18	
32	60	18	
32	36	19	
32	41	19	
32	47	19	
32	50	19	
32	56	19	
32	61	19	
33	37	18	
33	39	18	
33	40	18	
33	41	18	
33	42	18	
33	49	18	
33	54	18	
33	59	18	
33	60	18	
33	37	19	
33	41	19	
33	47	19	
33	50	19	
33	56	19	
33	61	19	
33	37	30	
34	39	18	
34	41	18	
34	42	18	
34	54	18	
34	59	18	
34	60	18	
35	39	18	
35	40	18	
35	41	18	
35	42	18	
35	49	18	
35	54	18	
35	59	18	
35	60	18	
35	40	34	
35	48	34	
35	49	34	
35	50	34	
36	39	18	
36	41	18	
36	42	18	
36	49	18	
36	54	18	
36	59	18	
36	60	18	
36	41	19	
36	47	19	
36	50	19	
36	56	19	
36	61	19	
36	48	34	
36	49	34	
36	50	34	
37	48	11	
37	49	11	
37	50	11	
37	54	11	
37	58	11	
37	59	11	
37	60	11	
37	61	11	
37	62	11	
37	63	11	
37	39	18	
37	41	18	
37	42	18	
37	49	18	
37	54	18	
37	59	18	
37	60	18	
37	41	19	
37	47	19	
37	50	19	
37	56	19	
37	61	19	
37	41	27	
37	42	27	
37	54	27	
37	48	34	
37	49	34	
37	50	34	
38	41	18	
38	49	18	
38	54	18	
38	59	18	
38	60	18	
39	56	15	
39	47	17	
39	48	17	
39	40	18	
39	42	18	
39	54	18	
39	59	18	
39	60	18	
40	41	18	
40	49	18	
40	59	18	
40	60	18	
40	48	34	
40	49	34	
40	50	34	
41	54	10	
41	55	10	
41	58	10	
41	43	15	
41	56	15	
41	43	17	
41	48	17	
41	42	18	
41	54	18	
41	59	18	
41	60	18	
41	50	19	
41	56	19	
41	61	19	
41	42	27	
41	54	27	
42	49	18	
42	54	18	
42	59	18	
42	60	18	
42	54	27	
43	56	15	
43	48	17	
45	48	17	
47	50	19	
47	61	19	
47	50	44	
47	51	44	
47	52	44	
47	53	44	
47	54	44	
47	55	44	
47	59	44	
47	60	44	
47	61	44	
47	62	44	
47	63	44	
47	50	46	
47	51	46	
47	52	46	
47	54	46	
47	55	46	
47	59	46	
47	60	46	
47	61	46	
47	62	46	
47	63	46	
48	49	11	
48	54	11	
48	59	11	
48	60	11	
48	61	11	
48	62	11	
48	63	11	
48	49	34	
48	49	44	
48	51	44	
48	52	44	
48	53	44	
48	54	44	
48	55	44	
48	59	44	
48	60	44	
48	61	44	
48	62	44	
48	63	44	
48	49	46	
48	51	46	
48	52	46	
48	54	46	
48	55	46	
48	59	46	
48	60	46	
48	61	46	
48	62	46	
48	63	46	
49	54	11	
49	59	11	
49	60	11	
49	61	11	
49	62	11	
49	63	11	
49	54	18	
49	59	18	
49	60	18	
49	51	44	
49	54	44	
49	55	44	
49	59	44	
49	60	44	
49	61	44	
49	62	44	
49	63	44	
49	51	46	
49	54	46	
49	55	46	
49	59	46	
49	60	46	
49	61	46	
49	62	46	
49	63	46	
50	59	11	
50	56	19	
50	56	44	
50	59	44	
50	56	46	
50	59	46	
51	54	44	
51	55	44	
51	56	44	
51	59	44	
51	60	44	
51	61	44	
51	62	44	
51	63	44	
51	54	46	
51	55	46	
51	56	46	
51	59	46	
51	60	46	
51	61	46	
51	62	46	
51	63	46	
51	54	50	
51	55	50	
51	60	50	
51	61	50	
51	62	50	
51	63	50	
52	56	44	
52	57	44	
52	59	44	
52	60	44	
52	62	44	
52	63	44	
52	56	46	
52	57	46	
52	59	46	
52	60	46	
52	62	46	
52	63	46	
53	59	44	
53	61	44	
54	57	10	
54	59	11	
54	61	11	
54	62	11	
54	63	11	
54	59	18	
54	56	44	
54	57	44	
54	59	44	
54	61	44	
54	62	44	
54	63	44	
54	56	46	
54	57	46	
54	59	46	
54	61	46	
54	62	46	
54	63	46	
54	61	50	
54	62	50	
54	63	50	
54	61	52	
54	56	53	
54	57	53	
54	62	53	
54	63	53	
55	57	10	
55	56	44	
55	57	44	
55	59	44	
55	61	44	
55	62	44	
55	63	44	
55	56	46	
55	57	46	
55	59	46	
55	61	46	
55	62	46	
55	63	46	
55	61	50	
55	62	50	
55	63	50	
55	61	52	
55	56	53	
55	57	53	
55	62	53	
55	63	53	
56	61	19	
56	59	44	
56	60	44	
56	61	44	
56	62	44	
56	63	44	
56	59	46	
56	60	46	
56	61	46	
56	62	46	
56	63	46	
56	60	53	
56	62	53	
56	63	53	
57	59	44	
57	63	44	
57	59	46	
57	63	46	
57	63	53	
59	61	11	
59	62	11	
59	63	11	
59	61	44	
59	62	44	
59	63	44	
59	61	46	
59	62	46	
59	63	46	
59	61	58	
59	62	58	
59	63	58	
60	61	11	
60	62	11	
60	63	11	
60	61	44	
60	62	44	
60	63	44	
60	61	46	
60	62	46	
60	63	46	
60	61	50	
60	62	50	
60	63	50	
60	62	53	
60	63	53	
60	61	57	
60	62	57	
60	61	58	
60	62	58	
60	63	58	
61	62	11	
61	63	11	
61	62	44	
61	63	44	
61	62	46	
61	63	46	
61	62	50	
61	63	50	
61	62	57	
61	62	58	
61	63	58	
62	63	11	
62	63	44	
62	63	46	
62	63	50	
62	63	53	
62	63	58	
1	2	10	
1	3	10	
1	4	10	
1	5	10	
1	9	10	
1	2	15	
1	8	15	
1	9	15	
1	2	17	
1	3	17	
1	8	17	
1	9	17	
1	13	17	
1	16	17	
1	2	18	
1	3	18	
1	4	18	
1	5	18	
1	6	18	
1	7	18	
1	8	18	
1	9	18	
1	12	18	
1	13	18	
1	14	18	
1	2	19	
1	3	19	
1	4	19	
1	6	19	
1	8	19	
1	9	19	
1	12	19	
1	13	19	
1	16	19	
1	4	27	
1	5	27	
1	6	27	
1	7	27	
1	8	27	
1	9	27	
1	11	27	
1	12	27	
1	13	27	
1	14	27	
1	16	27	
1	20	27	
1	21	27	
1	25	27	
1	26	27	
1	23	30	
1	24	30	
1	26	30	
1	28	30	
1	29	30	
1	22	32	
1	23	32	
1	24	32	
1	25	32	
1	26	32	
1	28	32	
1	29	32	
1	31	32	
1	2	33	
1	3	33	
1	4	33	
1	5	33	
1	8	33	
1	9	33	
1	11	33	
1	22	33	
1	23	33	
1	24	33	
1	25	33	
1	26	33	
1	28	33	
1	29	33	
1	31	33	
1	22	38	
1	23	38	
1	24	38	
1	25	38	
1	26	38	
1	28	38	
1	29	38	
1	31	38	
1	35	38	
1	37	38	
1	2	39	
1	8	39	
1	31	39	
1	2	43	
1	3	43	
1	8	43	
1	9	43	
1	14	43	
1	22	43	
1	23	43	
1	24	43	
1	25	43	
1	26	43	
1	28	43	
1	29	43	
1	31	43	
1	34	43	
1	35	43	
1	36	43	
1	37	43	
1	40	43	
1	2	44	
1	3	44	
1	4	44	
1	5	44	
1	6	44	
1	7	44	
1	8	44	
1	9	44	
1	11	44	
1	12	44	
1	13	44	
1	14	44	
1	16	44	
1	20	44	
1	21	44	
1	22	44	
1	23	44	
1	24	44	
1	25	44	
1	26	44	
1	28	44	
1	29	44	
1	31	44	
1	34	44	
1	35	44	
1	36	44	
1	37	44	
1	40	44	
1	42	44	
1	8	45	
1	2	46	
1	3	46	
1	4	46	
1	5	46	
1	6	46	
1	7	46	
1	8	46	
1	9	46	
1	11	46	
1	12	46	
1	13	46	
1	16	46	
1	20	46	
1	22	46	
1	23	46	
1	24	46	
1	25	46	
1	26	46	
1	28	46	
1	29	46	
1	31	46	
1	34	46	
1	35	46	
1	36	46	
1	37	46	
1	40	46	
1	2	49	
1	8	49	
1	9	49	
1	16	49	
1	31	49	
1	2	51	
1	3	51	
1	4	51	
1	5	51	
1	8	51	
1	9	51	
1	12	51	
1	16	51	
1	31	51	
1	2	57	
1	8	57	
1	9	57	
1	16	57	
1	20	57	
1	21	57	
1	25	57	
1	26	57	
1	31	57	
1	47	57	
1	48	57	
1	56	57	
1	2	64	
1	3	64	
1	4	64	
1	5	64	
1	6	64	
1	7	64	
1	8	64	
1	9	64	
1	12	64	
1	13	64	
1	14	64	
1	16	64	
1	20	64	
1	21	64	
1	22	64	
1	23	64	
1	24	64	
1	25	64	
1	26	64	
1	28	64	
1	29	64	
1	31	64	
1	34	64	
1	35	64	
1	36	64	
1	37	64	
1	40	64	
1	42	64	
1	47	64	
1	48	64	
1	52	64	
1	53	64	
1	54	64	
1	56	64	
1	60	64	
1	61	64	
1	62	64	
1	63	64	
2	3	10	
2	4	10	
2	5	10	
2	9	10	
2	8	15	
2	9	15	
2	3	17	
2	8	17	
2	9	17	
2	13	17	
2	16	17	
2	3	18	
2	4	18	
2	5	18	
2	6	18	
2	7	18	
2	8	18	
2	9	18	
2	12	18	
2	13	18	
2	14	18	
2	3	19	
2	4	19	
2	6	19	
2	8	19	
2	9	19	
2	12	19	
2	13	19	
2	16	19	
2	3	33	
2	4	33	
2	5	33	
2	8	33	
2	9	33	
2	11	33	
2	3	34	
2	4	34	
2	5	34	
2	6	34	
2	7	34	
2	11	34	
2	8	39	
2	3	43	
2	8	43	
2	9	43	
2	14	43	
2	35	43	
2	36	43	
2	37	43	
2	40	43	
2	3	44	
2	4	44	
2	5	44	
2	6	44	
2	7	44	
2	8	44	
2	9	44	
2	11	44	
2	12	44	
2	13	44	
2	14	44	
2	16	44	
2	20	44	
2	21	44	
2	35	44	
2	36	44	
2	37	44	
2	38	44	
2	40	44	
2	41	44	
2	42	44	
2	3	46	
2	4	46	
2	5	46	
2	6	46	
2	7	46	
2	8	46	
2	9	46	
2	11	46	
2	12	46	
2	13	46	
2	16	46	
2	20	46	
2	35	46	
2	36	46	
2	37	46	
2	38	46	
2	40	46	
2	41	46	
2	45	46	
2	8	49	
2	9	49	
2	16	49	
2	41	49	
2	3	51	
2	4	51	
2	5	51	
2	8	51	
2	9	51	
2	12	51	
2	16	51	
2	41	51	
2	3	52	
2	4	52	
2	5	52	
2	6	52	
2	7	52	
2	9	52	
2	12	52	
2	13	52	
2	14	52	
2	16	52	
2	20	52	
2	21	52	
2	36	52	
2	42	52	
2	50	52	
2	8	57	
2	9	57	
2	16	57	
2	20	57	
2	21	57	
2	41	57	
2	45	57	
2	47	57	
2	48	57	
2	3	64	
2	4	64	
2	5	64	
2	6	64	
2	7	64	
2	8	64	
2	9	64	
2	12	64	
2	13	64	
2	14	64	
2	16	64	
2	20	64	
2	21	64	
2	35	64	
2	36	64	
2	37	64	
2	38	64	
2	40	64	
2	41	64	
2	42	64	
2	45	64	
2	47	64	
2	48	64	
2	53	64	
2	54	64	
2	60	64	
2	61	64	
2	62	64	
2	63	64	
3	4	10	
3	5	10	
3	9	10	
3	8	17	
3	9	17	
3	13	17	
3	15	17	
3	16	17	
3	4	18	
3	5	18	
3	6	18	
3	7	18	
3	8	18	
3	9	18	
3	12	18	
3	13	18	
3	14	18	
3	15	18	
3	4	19	
3	6	19	
3	8	19	
3	9	19	
3	12	19	
3	13	19	
3	15	19	
3	16	19	
3	4	33	
3	5	33	
3	8	33	
3	9	33	
3	11	33	
3	32	33	
3	4	34	
3	5	34	
3	6	34	
3	7	34	
3	11	34	
3	15	34	
3	32	34	
3	4	35	
3	5	35	
3	8	43	
3	9	43	
3	14	43	
3	32	43	
3	36	43	
3	39	43	
3	40	43	
3	4	44	
3	5	44	
3	6	44	
3	7	44	
3	8	44	
3	9	44	
3	11	44	
3	12	44	
3	13	44	
3	14	44	
3	15	44	
3	16	44	
3	20	44	
3	21	44	
3	32	44	
3	36	44	
3	40	44	
3	41	44	
3	42	44	
3	4	46	
3	5	46	
3	6	46	
3	7	46	
3	8	46	
3	9	46	
3	11	46	
3	12	46	
3	13	46	
3	15	46	
3	16	46	
3	20	46	
3	32	46	
3	36	46	
3	39	46	
3	40	46	
3	41	46	
3	45	46	
3	4	51	
3	5	51	
3	8	51	
3	9	51	
3	12	51	
3	16	51	
3	32	51	
3	39	51	
3	41	51	
3	4	52	
3	5	52	
3	6	52	
3	7	52	
3	9	52	
3	12	52	
3	13	52	
3	14	52	
3	16	52	
3	20	52	
3	21	52	
3	36	52	
3	42	52	
3	49	52	
3	50	52	
3	4	64	
3	5	64	
3	6	64	
3	7	64	
3	8	64	
3	9	64	
3	12	64	
3	13	64	
3	14	64	
3	16	64	
3	20	64	
3	21	64	
3	32	64	
3	36	64	
3	39	64	
3	40	64	
3	41	64	
3	42	64	
3	45	64	
3	47	64	
3	48	64	
3	49	64	
3	53	64	
3	54	64	
3	56	64	
3	60	64	
3	61	64	
3	62	64	
3	63	64	
4	5	10	
4	9	10	
4	9	11	
4	5	18	
4	6	18	
4	7	18	
4	8	18	
4	9	18	
4	12	18	
4	13	18	
4	14	18	
4	15	18	
4	6	19	
4	8	19	
4	9	19	
4	12	19	
4	13	19	
4	15	19	
4	16	19	
4	5	27	
4	6	27	
4	7	27	
4	8	27	
4	9	27	
4	12	27	
4	13	27	
4	14	27	
4	15	27	
4	16	27	
4	17	27	
4	20	27	
4	21	27	
4	25	27	
4	26	27	
4	5	33	
4	8	33	
4	9	33	
4	22	33	
4	23	33	
4	24	33	
4	25	33	
4	26	33	
4	28	33	
4	29	33	
4	31	33	
4	32	33	
4	5	34	
4	6	34	
4	7	34	
4	15	34	
4	22	34	
4	23	34	
4	24	34	
4	25	34	
4	26	34	
4	28	34	
4	29	34	
4	30	34	
4	31	34	
4	32	34	
4	5	35	
4	28	35	
4	5	44	
4	6	44	
4	7	44	
4	8	44	
4	9	44	
4	12	44	
4	13	44	
4	14	44	
4	15	44	
4	16	44	
4	17	44	
4	20	44	
4	21	44	
4	22	44	
4	23	44	
4	24	44	
4	25	44	
4	26	44	
4	28	44	
4	29	44	
4	30	44	
4	31	44	
4	32	44	
4	36	44	
4	37	44	
4	38	44	
4	40	44	
4	41	44	
4	42	44	
4	5	46	
4	6	46	
4	7	46	
4	8	46	
4	9	46	
4	12	46	
4	13	46	
4	15	46	
4	16	46	
4	17	46	
4	20	46	
4	22	46	
4	23	46	
4	24	46	
4	25	46	
4	26	46	
4	28	46	
4	29	46	
4	30	46	
4	31	46	
4	32	46	
4	36	46	
4	37	46	
4	38	46	
4	39	46	
4	40	46	
4	41	46	
4	43	46	
4	45	46	
4	5	51	
4	8	51	
4	9	51	
4	12	51	
4	16	51	
4	30	51	
4	31	51	
4	32	51	
4	39	51	
4	41	51	
4	5	52	
4	6	52	
4	7	52	
4	9	52	
4	12	52	
4	13	52	
4	14	52	
4	16	52	
4	17	52	
4	20	52	
4	21	52	
4	28	52	
4	29	52	
4	36	52	
4	42	52	
4	49	52	
4	50	52	
4	5	53	
4	6	53	
4	7	53	
4	12	53	
4	13	53	
4	14	53	
4	15	53	
4	16	53	
4	17	53	
4	20	53	
4	21	53	
4	28	53	
4	36	53	
4	37	53	
4	40	53	
4	42	53	
4	49	53	
4	50	53	
4	5	64	
4	6	64	
4	7	64	
4	8	64	
4	9	64	
4	12	64	
4	13	64	
4	14	64	
4	16	64	
4	17	64	
4	20	64	
4	21	64	
4	22	64	
4	23	64	
4	24	64	
4	25	64	
4	26	64	
4	28	64	
4	29	64	
4	30	64	
4	31	64	
4	32	64	
4	36	64	
4	37	64	
4	38	64	
4	39	64	
4	40	64	
4	41	64	
4	42	64	
4	45	64	
4	47	64	
4	48	64	
4	49	64	
4	54	64	
4	56	64	
4	60	64	
4	61	64	
4	62	64	
4	63	64	
5	9	10	
5	7	18	
5	8	18	
5	9	18	
5	12	18	
5	13	18	
5	14	18	
5	15	18	
5	7	27	
5	8	27	
5	9	27	
5	11	27	
5	12	27	
5	13	27	
5	14	27	
5	15	27	
5	16	27	
5	17	27	
5	20	27	
5	21	27	
5	25	27	
5	26	27	
5	8	33	
5	9	33	
5	11	33	
5	22	33	
5	23	33	
5	24	33	
5	25	33	
5	26	33	
5	28	33	
5	29	33	
5	31	33	
5	32	33	
5	7	34	
5	11	34	
5	15	34	
5	22	34	
5	23	34	
5	24	34	
5	25	34	
5	26	34	
5	28	34	
5	29	34	
5	30	34	
5	31	34	
5	32	34	
5	28	35	
5	7	40	
5	13	40	
5	14	40	
5	22	40	
5	23	40	
5	24	40	
5	26	40	
5	28	40	
5	29	40	
5	30	40	
5	36	40	
5	37	40	
5	38	40	
5	7	44	
5	8	44	
5	9	44	
5	11	44	
5	12	44	
5	13	44	
5	14	44	
5	15	44	
5	16	44	
5	17	44	
5	19	44	
5	20	44	
5	21	44	
5	22	44	
5	23	44	
5	24	44	
5	25	44	
5	26	44	
5	28	44	
5	29	44	
5	30	44	
5	31	44	
5	32	44	
5	36	44	
5	37	44	
5	38	44	
5	41	44	
5	42	44	
5	7	46	
5	8	46	
5	9	46	
5	11	46	
5	12	46	
5	13	46	
5	15	46	
5	16	46	
5	17	46	
5	19	46	
5	20	46	
5	22	46	
5	23	46	
5	24	46	
5	25	46	
5	26	46	
5	28	46	
5	29	46	
5	30	46	
5	31	46	
5	32	46	
5	36	46	
5	37	46	
5	38	46	
5	39	46	
5	41	46	
5	43	46	
5	45	46	
5	8	51	
5	9	51	
5	12	51	
5	16	51	
5	30	51	
5	31	51	
5	32	51	
5	39	51	
5	41	51	
5	7	52	
5	9	52	
5	12	52	
5	13	52	
5	14	52	
5	16	52	
5	17	52	
5	20	52	
5	21	52	
5	28	52	
5	29	52	
5	36	52	
5	42	52	
5	49	52	
5	7	53	
5	12	53	
5	13	53	
5	14	53	
5	15	53	
5	16	53	
5	17	53	
5	20	53	
5	21	53	
5	28	53	
5	36	53	
5	37	53	
5	42	53	
5	49	53	
5	7	64	
5	8	64	
5	9	64	
5	12	64	
5	13	64	
5	14	64	
5	16	64	
5	17	64	
5	19	64	
5	20	64	
5	21	64	
5	22	64	
5	23	64	
5	24	64	
5	25	64	
5	26	64	
5	28	64	
5	29	64	
5	30	64	
5	31	64	
5	32	64	
5	36	64	
5	37	64	
5	38	64	
5	39	64	
5	41	64	
5	42	64	
5	45	64	
5	47	64	
5	48	64	
5	49	64	
5	54	64	
5	56	64	
5	60	64	
5	62	64	
5	63	64	
6	8	18	
6	9	18	
6	12	18	
6	13	18	
6	14	18	
6	15	18	
6	8	19	
6	9	19	
6	12	19	
6	13	19	
6	15	19	
6	16	19	
6	8	27	
6	9	27	
6	10	27	
6	11	27	
6	12	27	
6	13	27	
6	14	27	
6	15	27	
6	16	27	
6	17	27	
6	20	27	
6	21	27	
6	25	27	
6	26	27	
6	11	34	
6	15	34	
6	22	34	
6	25	34	
6	26	34	
6	28	34	
6	30	34	
6	31	34	
6	32	34	
6	13	40	
6	14	40	
6	22	40	
6	26	40	
6	28	40	
6	30	40	
6	36	40	
6	37	40	
6	13	42	
6	14	42	
6	20	42	
6	21	42	
6	25	42	
6	8	44	
6	9	44	
6	10	44	
6	11	44	
6	12	44	
6	13	44	
6	14	44	
6	15	44	
6	16	44	
6	17	44	
6	20	44	
6	21	44	
6	22	44	
6	25	44	
6	26	44	
6	28	44	
6	30	44	
6	31	44	
6	32	44	
6	33	44	
6	36	44	
6	37	44	
6	41	44	
6	8	46	
6	9	46	
6	10	46	
6	11	46	
6	12	46	
6	13	46	
6	15	46	
6	16	46	
6	17	46	
6	20	46	
6	22	46	
6	25	46	
6	26	46	
6	28	46	
6	30	46	

